name = who
year = 2007
yname = hdc
sex = male
distribution = LMS
citation = WHO
publication = WHO Multicentre Growth Reference Study Group (2007). WHO Child Growth Standards: Head circumference-for-age, arm circumference-for-age, triceps skinfold-for-age and subscapular skinfold-for-age: Methods and development. Geneva: World Health Organization; pp 217. (web site: http://www.who.int/childgrowth/publications/en/ )
[data]
x	L	M	S
0	1	34.4618	0.03686
0.0027	1	34.562	0.03656
0.0055	1	34.6622	0.03625
0.0082	1	34.7625	0.03595
0.011	1	34.8627	0.03564
0.0137	1	34.9629	0.03533
0.0164	1	35.0631	0.03503
0.0192	1	35.1634	0.03472
0.0219	1	35.2636	0.03441
0.0246	1	35.3638	0.03411
0.0274	1	35.464	0.0338
0.0301	1	35.5643	0.0335
0.0329	1	35.6645	0.03319
0.0356	1	35.7647	0.03288
0.0383	1	35.8649	0.03258
0.0411	1	35.9652	0.03248
0.0438	1	36.0632	0.03239
0.0465	1	36.159	0.0323
0.0493	1	36.2526	0.03221
0.052	1	36.3441	0.03213
0.0548	1	36.4338	0.03205
0.0575	1	36.5216	0.03197
0.0602	1	36.6078	0.03189
0.063	1	36.6922	0.03182
0.0657	1	36.7751	0.03175
0.0684	1	36.8566	0.03168
0.0712	1	36.9366	0.03161
0.0739	1	37.0152	0.03154
0.0767	1	37.0926	0.03148
0.0794	1	37.1687	0.03141
0.0821	1	37.2435	0.03135
0.0849	1	37.3172	0.03129
0.0876	1	37.3898	0.03123
0.0903	1	37.4612	0.03118
0.0931	1	37.5316	0.03112
0.0958	1	37.601	0.03107
0.0986	1	37.6694	0.03101
0.1013	1	37.7368	0.03096
0.104	1	37.8034	0.03091
0.1068	1	37.869	0.03086
0.1095	1	37.9338	0.03081
0.1123	1	37.9978	0.03076
0.115	1	38.0609	0.03072
0.1177	1	38.1233	0.03067
0.1205	1	38.185	0.03062
0.1232	1	38.2459	0.03058
0.1259	1	38.3061	0.03054
0.1287	1	38.3655	0.03049
0.1314	1	38.4243	0.03045
0.1342	1	38.4824	0.03041
0.1369	1	38.5399	0.03037
0.1396	1	38.5968	0.03033
0.1424	1	38.653	0.03029
0.1451	1	38.7087	0.03025
0.1478	1	38.7638	0.03021
0.1506	1	38.8183	0.03018
0.1533	1	38.8724	0.03014
0.1561	1	38.9258	0.0301
0.1588	1	38.9788	0.03007
0.1615	1	39.0313	0.03003
0.1643	1	39.0834	0.03
0.167	1	39.1349	0.02997
0.1697	1	39.1861	0.02993
0.1725	1	39.2368	0.0299
0.1752	1	39.2871	0.02987
0.178	1	39.3369	0.02984
0.1807	1	39.3863	0.02981
0.1834	1	39.4353	0.02978
0.1862	1	39.4838	0.02975
0.1889	1	39.532	0.02972
0.1916	1	39.5797	0.02969
0.1944	1	39.6271	0.02966
0.1971	1	39.674	0.02963
0.1999	1	39.7206	0.02961
0.2026	1	39.7668	0.02958
0.2053	1	39.8127	0.02955
0.2081	1	39.8581	0.02953
0.2108	1	39.9033	0.0295
0.2136	1	39.948	0.02948
0.2163	1	39.9924	0.02945
0.219	1	40.0365	0.02943
0.2218	1	40.0803	0.0294
0.2245	1	40.1237	0.02938
0.2272	1	40.1668	0.02936
0.23	1	40.2096	0.02933
0.2327	1	40.2521	0.02931
0.2355	1	40.2943	0.02929
0.2382	1	40.3362	0.02927
0.2409	1	40.3778	0.02925
0.2437	1	40.4191	0.02922
0.2464	1	40.4601	0.0292
0.2491	1	40.5008	0.02918
0.2519	1	40.5413	0.02916
0.2546	1	40.5815	0.02914
0.2574	1	40.6214	0.02912
0.2601	1	40.6611	0.0291
0.2628	1	40.7005	0.02908
0.2656	1	40.7396	0.02907
0.2683	1	40.7785	0.02905
0.271	1	40.8172	0.02903
0.2738	1	40.8555	0.02901
0.2765	1	40.8936	0.02899
0.2793	1	40.9315	0.02898
0.282	1	40.9691	0.02896
0.2847	1	41.0065	0.02894
0.2875	1	41.0436	0.02893
0.2902	1	41.0805	0.02891
0.293	1	41.1172	0.02889
0.2957	1	41.1536	0.02888
0.2984	1	41.1898	0.02886
0.3012	1	41.2257	0.02885
0.3039	1	41.2615	0.02883
0.3066	1	41.297	0.02882
0.3094	1	41.3323	0.0288
0.3121	1	41.3673	0.02879
0.3149	1	41.4022	0.02877
0.3176	1	41.4368	0.02876
0.3203	1	41.4712	0.02875
0.3231	1	41.5054	0.02873
0.3258	1	41.5394	0.02872
0.3285	1	41.5731	0.02871
0.3313	1	41.6067	0.02869
0.334	1	41.6401	0.02868
0.3368	1	41.6732	0.02867
0.3395	1	41.7062	0.02865
0.3422	1	41.7389	0.02864
0.345	1	41.7715	0.02863
0.3477	1	41.8038	0.02862
0.3504	1	41.836	0.02861
0.3532	1	41.868	0.02859
0.3559	1	41.8997	0.02858
0.3587	1	41.9313	0.02857
0.3614	1	41.9627	0.02856
0.3641	1	41.9939	0.02855
0.3669	1	42.0249	0.02854
0.3696	1	42.0557	0.02853
0.3723	1	42.0864	0.02852
0.3751	1	42.1168	0.02851
0.3778	1	42.1471	0.0285
0.3806	1	42.1772	0.02849
0.3833	1	42.2071	0.02848
0.386	1	42.2368	0.02847
0.3888	1	42.2664	0.02846
0.3915	1	42.2957	0.02845
0.3943	1	42.3249	0.02844
0.397	1	42.354	0.02843
0.3997	1	42.3828	0.02842
0.4025	1	42.4115	0.02841
0.4052	1	42.44	0.0284
0.4079	1	42.4684	0.02839
0.4107	1	42.4965	0.02839
0.4134	1	42.5246	0.02838
0.4162	1	42.5524	0.02837
0.4189	1	42.5801	0.02836
0.4216	1	42.6076	0.02835
0.4244	1	42.6349	0.02835
0.4271	1	42.6621	0.02834
0.4298	1	42.6892	0.02833
0.4326	1	42.716	0.02832
0.4353	1	42.7427	0.02832
0.4381	1	42.7693	0.02831
0.4408	1	42.7957	0.0283
0.4435	1	42.8219	0.02829
0.4463	1	42.848	0.02829
0.449	1	42.874	0.02828
0.4517	1	42.8997	0.02827
0.4545	1	42.9254	0.02827
0.4572	1	42.9509	0.02826
0.46	1	42.9762	0.02825
0.4627	1	43.0014	0.02825
0.4654	1	43.0264	0.02824
0.4682	1	43.0513	0.02823
0.4709	1	43.0761	0.02823
0.4736	1	43.1007	0.02822
0.4764	1	43.1252	0.02822
0.4791	1	43.1495	0.02821
0.4819	1	43.1737	0.0282
0.4846	1	43.1978	0.0282
0.4873	1	43.2217	0.02819
0.4901	1	43.2455	0.02819
0.4928	1	43.2691	0.02818
0.4956	1	43.2927	0.02818
0.4983	1	43.316	0.02817
0.501	1	43.3393	0.02817
0.5038	1	43.3624	0.02816
0.5065	1	43.3854	0.02816
0.5092	1	43.4083	0.02815
0.512	1	43.431	0.02815
0.5147	1	43.4536	0.02814
0.5175	1	43.4761	0.02814
0.5202	1	43.4984	0.02813
0.5229	1	43.5206	0.02813
0.5257	1	43.5427	0.02812
0.5284	1	43.5647	0.02812
0.5311	1	43.5865	0.02811
0.5339	1	43.6082	0.02811
0.5366	1	43.6298	0.0281
0.5394	1	43.6513	0.0281
0.5421	1	43.6727	0.0281
0.5448	1	43.6939	0.02809
0.5476	1	43.715	0.02809
0.5503	1	43.736	0.02808
0.553	1	43.7569	0.02808
0.5558	1	43.7777	0.02808
0.5585	1	43.7983	0.02807
0.5613	1	43.8188	0.02807
0.564	1	43.8393	0.02807
0.5667	1	43.8596	0.02806
0.5695	1	43.8798	0.02806
0.5722	1	43.8998	0.02806
0.5749	1	43.9198	0.02805
0.5777	1	43.9397	0.02805
0.5804	1	43.9594	0.02805
0.5832	1	43.9791	0.02804
0.5859	1	43.9986	0.02804
0.5886	1	44.0181	0.02804
0.5914	1	44.0374	0.02803
0.5941	1	44.0566	0.02803
0.5969	1	44.0757	0.02803
0.5996	1	44.0947	0.02802
0.6023	1	44.1136	0.02802
0.6051	1	44.1325	0.02802
0.6078	1	44.1512	0.02801
0.6105	1	44.1698	0.02801
0.6133	1	44.1883	0.02801
0.616	1	44.2067	0.02801
0.6188	1	44.225	0.028
0.6215	1	44.2432	0.028
0.6242	1	44.2613	0.028
0.627	1	44.2793	0.028
0.6297	1	44.2972	0.02799
0.6324	1	44.315	0.02799
0.6352	1	44.3328	0.02799
0.6379	1	44.3504	0.02799
0.6407	1	44.3679	0.02798
0.6434	1	44.3854	0.02798
0.6461	1	44.4027	0.02798
0.6489	1	44.42	0.02798
0.6516	1	44.4372	0.02798
0.6543	1	44.4543	0.02797
0.6571	1	44.4713	0.02797
0.6598	1	44.4882	0.02797
0.6626	1	44.505	0.02797
0.6653	1	44.5217	0.02797
0.668	1	44.5384	0.02796
0.6708	1	44.5549	0.02796
0.6735	1	44.5714	0.02796
0.6762	1	44.5878	0.02796
0.679	1	44.6041	0.02796
0.6817	1	44.6203	0.02795
0.6845	1	44.6365	0.02795
0.6872	1	44.6525	0.02795
0.6899	1	44.6685	0.02795
0.6927	1	44.6844	0.02795
0.6954	1	44.7002	0.02795
0.6982	1	44.716	0.02794
0.7009	1	44.7316	0.02794
0.7036	1	44.7472	0.02794
0.7064	1	44.7627	0.02794
0.7091	1	44.7781	0.02794
0.7118	1	44.7935	0.02794
0.7146	1	44.8088	0.02794
0.7173	1	44.824	0.02793
0.7201	1	44.8391	0.02793
0.7228	1	44.8542	0.02793
0.7255	1	44.8691	0.02793
0.7283	1	44.884	0.02793
0.731	1	44.8989	0.02793
0.7337	1	44.9136	0.02793
0.7365	1	44.9283	0.02793
0.7392	1	44.9429	0.02792
0.742	1	44.9575	0.02792
0.7447	1	44.972	0.02792
0.7474	1	44.9864	0.02792
0.7502	1	45.0007	0.02792
0.7529	1	45.015	0.02792
0.7556	1	45.0292	0.02792
0.7584	1	45.0433	0.02792
0.7611	1	45.0573	0.02792
0.7639	1	45.0713	0.02791
0.7666	1	45.0853	0.02791
0.7693	1	45.0991	0.02791
0.7721	1	45.1129	0.02791
0.7748	1	45.1267	0.02791
0.7775	1	45.1403	0.02791
0.7803	1	45.1539	0.02791
0.783	1	45.1674	0.02791
0.7858	1	45.1809	0.02791
0.7885	1	45.1943	0.02791
0.7912	1	45.2077	0.02791
0.794	1	45.2209	0.02791
0.7967	1	45.2341	0.0279
0.7995	1	45.2473	0.0279
0.8022	1	45.2604	0.0279
0.8049	1	45.2734	0.0279
0.8077	1	45.2864	0.0279
0.8104	1	45.2993	0.0279
0.8131	1	45.3121	0.0279
0.8159	1	45.3249	0.0279
0.8186	1	45.3377	0.0279
0.8214	1	45.3503	0.0279
0.8241	1	45.3629	0.0279
0.8268	1	45.3755	0.0279
0.8296	1	45.388	0.0279
0.8323	1	45.4004	0.0279
0.835	1	45.4128	0.0279
0.8378	1	45.4251	0.0279
0.8405	1	45.4374	0.02789
0.8433	1	45.4496	0.02789
0.846	1	45.4618	0.02789
0.8487	1	45.4739	0.02789
0.8515	1	45.4859	0.02789
0.8542	1	45.4979	0.02789
0.8569	1	45.5098	0.02789
0.8597	1	45.5217	0.02789
0.86240000000000006	1	45.5336	0.02789
0.8652	1	45.5453	0.02789
0.8679	1	45.5571	0.02789
0.8706	1	45.5687	0.02789
0.8734	1	45.5803	0.02789
0.8761	1	45.5919	0.02789
0.8789	1	45.6034	0.02789
0.8816	1	45.6149	0.02789
0.8843	1	45.6263	0.02789
0.8871	1	45.6376	0.02789
0.8898	1	45.6489	0.02789
0.8925	1	45.6602	0.02789
0.8953	1	45.6714	0.02789
0.898	1	45.6826	0.02789
0.9008	1	45.6937	0.02789
0.9035	1	45.7047	0.02789
0.9062	1	45.7158	0.02789
0.909	1	45.7267	0.02789
0.9117	1	45.7376	0.02789
0.9144	1	45.7485	0.02789
0.9172	1	45.7593	0.02789
0.9199	1	45.7701	0.02789
0.9227	1	45.7808	0.02789
0.9254	1	45.7915	0.02789
0.9281	1	45.8022	0.02789
0.9309	1	45.8128	0.02789
0.9336	1	45.8233	0.02788
0.9363	1	45.8338	0.02788
0.9391	1	45.8443	0.02788
0.9418	1	45.8547	0.02788
0.9446	1	45.8651	0.02788
0.9473	1	45.8754	0.02788
0.95	1	45.8857	0.02788
0.9528	1	45.8959	0.02788
0.9555	1	45.9061	0.02788
0.9582	1	45.9163	0.02788
0.961	1	45.9264	0.02788
0.9637	1	45.9364	0.02788
0.9665	1	45.9465	0.02788
0.9692	1	45.9565	0.02788
0.9719	1	45.9664	0.02788
0.9747	1	45.9763	0.02788
0.9774	1	45.9862	0.02788
0.9802	1	45.996	0.02788
0.9829	1	46.0058	0.02788
0.9856	1	46.0155	0.02788
0.9884	1	46.0252	0.02788
0.9911	1	46.0349	0.02789
0.9938	1	46.0445	0.02789
0.9966	1	46.0541	0.02789
0.9993	1	46.0637	0.02789
1.0021	1	46.0732	0.02789
1.0048	1	46.0827	0.02789
1.0075	1	46.0921	0.02789
1.0103	1	46.1015	0.02789
1.013	1	46.1109	0.02789
1.0157	1	46.1202	0.02789
1.0185	1	46.1295	0.02789
1.0212	1	46.1387	0.02789
1.024	1	46.148	0.02789
1.0267	1	46.1572	0.02789
1.0294	1	46.1663	0.02789
1.0322	1	46.1754	0.02789
1.0349	1	46.1845	0.02789
1.0376	1	46.1935	0.02789
1.0404	1	46.2025	0.02789
1.0431	1	46.2115	0.02789
1.0459	1	46.2204	0.02789
1.0486	1	46.2294	0.02789
1.0513	1	46.2382	0.02789
1.0541	1	46.2471	0.02789
1.0568	1	46.2559	0.02789
1.0595	1	46.2646	0.02789
1.0623	1	46.2734	0.02789
1.065	1	46.2821	0.02789
1.0678	1	46.2908	0.02789
1.0705	1	46.2994	0.02789
1.0732	1	46.308	0.02789
1.076	1	46.3166	0.02789
1.0787	1	46.3251	0.02789
1.0815	1	46.3337	0.02789
1.0842	1	46.3421	0.02789
1.0869	1	46.3506	0.02789
1.0897	1	46.359	0.02789
1.0924	1	46.3674	0.02789
1.0951	1	46.3758	0.02789
1.0979	1	46.3841	0.02789
1.1006	1	46.3924	0.0279
1.1034	1	46.4007	0.0279
1.1061	1	46.409	0.0279
1.1088	1	46.4172	0.0279
1.1116	1	46.4254	0.0279
1.1143	1	46.4335	0.0279
1.117	1	46.4417	0.0279
1.1198	1	46.4498	0.0279
1.1225	1	46.4578	0.0279
1.1253	1	46.4659	0.0279
1.128	1	46.4739	0.0279
1.1307	1	46.4819	0.0279
1.1335	1	46.4899	0.0279
1.1362	1	46.4978	0.0279
1.1389	1	46.5057	0.0279
1.1417	1	46.5136	0.0279
1.1444	1	46.5215	0.0279
1.1472	1	46.5293	0.0279
1.1499	1	46.5371	0.0279
1.1526	1	46.5449	0.0279
1.1554	1	46.5527	0.0279
1.1581	1	46.5604	0.0279
1.1608	1	46.5681	0.0279
1.1636	1	46.5758	0.02791
1.1663	1	46.5834	0.02791
1.1691	1	46.591	0.02791
1.1718	1	46.5987	0.02791
1.1745	1	46.6062	0.02791
1.1773	1	46.6138	0.02791
1.18	1	46.6213	0.02791
1.1828	1	46.6288	0.02791
1.1855	1	46.6363	0.02791
1.1882	1	46.6438	0.02791
1.191	1	46.6512	0.02791
1.1937	1	46.6586	0.02791
1.1964	1	46.666	0.02791
1.1992	1	46.6734	0.02791
1.2019	1	46.6807	0.02791
1.2047	1	46.688	0.02791
1.2074	1	46.6953	0.02791
1.2101	1	46.7026	0.02791
1.2129	1	46.7098	0.02792
1.2156	1	46.7171	0.02792
1.2183	1	46.7243	0.02792
1.2211	1	46.7314	0.02792
1.2238	1	46.7386	0.02792
1.2266	1	46.7457	0.02792
1.2293	1	46.7529	0.02792
1.232	1	46.76	0.02792
1.2348	1	46.767	0.02792
1.2375	1	46.7741	0.02792
1.2402	1	46.7811	0.02792
1.243	1	46.7881	0.02792
1.2457	1	46.7951	0.02792
1.2485	1	46.8021	0.02792
1.2512	1	46.809	0.02792
1.2539	1	46.816	0.02792
1.2567	1	46.8229	0.02793
1.2594	1	46.8298	0.02793
1.2621	1	46.8366	0.02793
1.2649	1	46.8435	0.02793
1.2676	1	46.8503	0.02793
1.2704	1	46.8571	0.02793
1.2731	1	46.8639	0.02793
1.2758	1	46.8707	0.02793
1.2786	1	46.8775	0.02793
1.2813	1	46.8842	0.02793
1.2841	1	46.8909	0.02793
1.2868	1	46.8976	0.02793
1.2895	1	46.9043	0.02793
1.2923	1	46.911	0.02793
1.295	1	46.9176	0.02794
1.2977	1	46.9242	0.02794
1.3005	1	46.9308	0.02794
1.3032	1	46.9374	0.02794
1.306	1	46.944	0.02794
1.3087	1	46.9505	0.02794
1.3114	1	46.9571	0.02794
1.3142	1	46.9636	0.02794
1.3169	1	46.9701	0.02794
1.3196	1	46.9766	0.02794
1.3224	1	46.9831	0.02794
1.3251	1	46.9895	0.02794
1.3279	1	46.996	0.02794
1.3306	1	47.0024	0.02795
1.3333	1	47.0088	0.02795
1.3361	1	47.0152	0.02795
1.3388	1	47.0215	0.02795
1.3415	1	47.0279	0.02795
1.3443	1	47.0342	0.02795
1.347	1	47.0405	0.02795
1.3498000000000001	1	47.0468	0.02795
1.3525	1	47.0531	0.02795
1.3552	1	47.0594	0.02795
1.358	1	47.0657	0.02795
1.3607	1	47.0719	0.02795
1.3634	1	47.0781	0.02795
1.3662	1	47.0843	0.02796
1.3689	1	47.0905	0.02796
1.3717	1	47.0967	0.02796
1.3744	1	47.1029	0.02796
1.3771	1	47.109	0.02796
1.3799	1	47.1152	0.02796
1.3826	1	47.1213	0.02796
1.3854	1	47.1274	0.02796
1.3881	1	47.1335	0.02796
1.3908	1	47.1396	0.02796
1.3936	1	47.1456	0.02796
1.3963	1	47.1517	0.02796
1.399	1	47.1577	0.02797
1.4018	1	47.1637	0.02797
1.4045	1	47.1697	0.02797
1.4073	1	47.1757	0.02797
1.41	1	47.1817	0.02797
1.4127	1	47.1877	0.02797
1.4155	1	47.193600000000004	0.02797
1.4182	1	47.1995	0.02797
1.4209	1	47.2055	0.02797
1.4237	1	47.2114	0.02797
1.4264	1	47.2173	0.02797
1.4292	1	47.2232	0.02797
1.4319	1	47.229	0.02798
1.4346	1	47.2349	0.02798
1.4374	1	47.2407	0.02798
1.4401	1	47.2466	0.02798
1.4428	1	47.2524	0.02798
1.4456	1	47.2582	0.02798
1.4483	1	47.264	0.02798
1.4511	1	47.2698	0.02798
1.4538	1	47.2755	0.02798
1.4565	1	47.2813	0.02798
1.4593	1	47.287	0.02798
1.462	1	47.2928	0.02799
1.4648	1	47.2985	0.02799
1.4675	1	47.3042	0.02799
1.4702	1	47.3099	0.02799
1.473	1	47.3156	0.02799
1.4757	1	47.3213	0.02799
1.4784	1	47.3269	0.02799
1.4812	1	47.3326	0.02799
1.4839	1	47.3382	0.02799
1.4867	1	47.3438	0.02799
1.4894	1	47.3494	0.028
1.4921	1	47.3551	0.028
1.4949	1	47.3606	0.028
1.4976	1	47.3662	0.028
1.5003	1	47.3718	0.028
1.5031	1	47.3774	0.028
1.5058	1	47.3829	0.028
1.5086	1	47.3884	0.028
1.5113	1	47.394	0.028
1.514	1	47.3995	0.028
1.5168	1	47.405	0.028
1.5195	1	47.4105	0.02801
1.5222	1	47.416	0.02801
1.525	1	47.4215	0.02801
1.5277	1	47.4269	0.02801
1.5305	1	47.4324	0.02801
1.5332	1	47.4378	0.02801
1.5359	1	47.4432	0.02801
1.5387	1	47.4487	0.02801
1.5414	1	47.4541	0.02801
1.5441	1	47.4595	0.02801
1.5469	1	47.4649	0.02802
1.5496	1	47.4703	0.02802
1.5524	1	47.4756	0.02802
1.5551	1	47.481	0.02802
1.5578	1	47.4863	0.02802
1.5606	1	47.4917	0.02802
1.5633	1	47.497	0.02802
1.5661	1	47.5023	0.02802
1.5688	1	47.5077	0.02802
1.5715	1	47.513	0.02802
1.5743	1	47.5183	0.02803
1.577	1	47.5236	0.02803
1.5797	1	47.5288	0.02803
1.5825	1	47.5341	0.02803
1.5852	1	47.5394	0.02803
1.588	1	47.5446	0.02803
1.5907	1	47.5498	0.02803
1.5934	1	47.5551	0.02803
1.5962	1	47.5603	0.02803
1.5989	1	47.5655	0.02804
1.6016	1	47.5707	0.02804
1.6044	1	47.5759	0.02804
1.6071	1	47.5811	0.02804
1.6099	1	47.5863	0.02804
1.6126	1	47.5915	0.02804
1.6153	1	47.5966	0.02804
1.6181	1	47.6018	0.02804
1.6208	1	47.6069	0.02804
1.6235	1	47.612	0.02805
1.6263	1	47.6172	0.02805
1.629	1	47.6223	0.02805
1.6318	1	47.6274	0.02805
1.6345	1	47.6325	0.02805
1.6372	1	47.6376	0.02805
1.64	1	47.6427	0.02805
1.6427	1	47.6478	0.02805
1.6454	1	47.6528	0.02805
1.6482	1	47.6579	0.02805
1.6509	1	47.663	0.02806
1.6537	1	47.668	0.02806
1.6564	1	47.673	0.02806
1.6591	1	47.6781	0.02806
1.6619	1	47.6831	0.02806
1.6646	1	47.6881	0.02806
1.6674	1	47.6931	0.02806
1.6701	1	47.6981	0.02806
1.6728	1	47.7031	0.02806
1.6756	1	47.7081	0.02807
1.6783	1	47.7131	0.02807
1.681	1	47.718	0.02807
1.6838	1	47.723	0.02807
1.6865	1	47.728	0.02807
1.6893	1	47.7329	0.02807
1.692	1	47.7378	0.02807
1.6947	1	47.7428	0.02807
1.6975	1	47.7477	0.02808
1.7002	1	47.7526	0.02808
1.7029	1	47.7575	0.02808
1.7057	1	47.7624	0.02808
1.7084	1	47.7673	0.02808
1.7112	1	47.7722	0.02808
1.7139	1	47.7771	0.02808
1.7166	1	47.782	0.02808
1.7194	1	47.7868	0.02808
1.7221	1	47.7917	0.02809
1.7248000000000001	1	47.7965	0.02809
1.7276	1	47.8014	0.02809
1.7303	1	47.8062	0.02809
1.7331	1	47.811	0.02809
1.7358	1	47.8159	0.02809
1.7385	1	47.8207	0.02809
1.7413	1	47.8255	0.02809
1.744	1	47.8303	0.0281
1.7467	1	47.8351	0.0281
1.7495	1	47.8399	0.0281
1.7522	1	47.8446	0.0281
1.755	1	47.8494	0.0281
1.7577	1	47.8542	0.0281
1.7604	1	47.859	0.0281
1.7632	1	47.8637	0.0281
1.7659	1	47.8685	0.0281
1.7687	1	47.8732	0.02811
1.7714	1	47.8779	0.02811
1.7741	1	47.8827	0.02811
1.7769	1	47.8874	0.02811
1.7796	1	47.8921	0.02811
1.7823	1	47.8968	0.02811
1.7851	1	47.9015	0.02811
1.7878	1	47.9062	0.02811
1.7906	1	47.9109	0.02812
1.7933	1	47.9156	0.02812
1.796	1	47.9202	0.02812
1.7988	1	47.9249	0.02812
1.8015	1	47.9296	0.02812
1.8042	1	47.9342	0.02812
1.807	1	47.9389	0.02812
1.8097	1	47.9435	0.02812
1.8125	1	47.9482	0.02813
1.8152	1	47.9528	0.02813
1.8179	1	47.9574	0.02813
1.8207	1	47.962	0.02813
1.8234	1	47.9666	0.02813
1.8261	1	47.9713	0.02813
1.8289	1	47.9759	0.02813
1.8316	1	47.9804	0.02813
1.8344	1	47.985	0.02814
1.8371	1	47.9896	0.02814
1.8398	1	47.9942	0.02814
1.8426	1	47.9988	0.02814
1.8453	1	48.0033	0.02814
1.848	1	48.0079	0.02814
1.8508	1	48.0124	0.02814
1.8535	1	48.017	0.02814
1.8563	1	48.0215	0.02815
1.859	1	48.026	0.02815
1.8617	1	48.0306	0.02815
1.8645	1	48.0351	0.02815
1.8672	1	48.0396	0.02815
1.87	1	48.0441	0.02815
1.8727	1	48.0486	0.02815
1.8754	1	48.0531	0.02815
1.8782	1	48.0576	0.02816
1.8809	1	48.0621	0.02816
1.8836	1	48.0666	0.02816
1.8864	1	48.071	0.02816
1.8891	1	48.0755	0.02816
1.8919	1	48.08	0.02816
1.8946	1	48.0844	0.02816
1.8973	1	48.0889	0.02816
1.9001	1	48.0933	0.02817
1.9028	1	48.0977	0.02817
1.9055	1	48.1022	0.02817
1.9083	1	48.1066	0.02817
1.911	1	48.111	0.02817
1.9138	1	48.1154	0.02817
1.9165	1	48.1198	0.02817
1.9192	1	48.1242	0.02817
1.922	1	48.1286	0.02818
1.9247	1	48.133	0.02818
1.9274	1	48.1374	0.02818
1.9302	1	48.1418	0.02818
1.9329	1	48.1462	0.02818
1.9357	1	48.1505	0.02818
1.9384	1	48.1549	0.02818
1.9411	1	48.1592	0.02819
1.9439	1	48.1636	0.02819
1.9466	1	48.1679	0.02819
1.9493	1	48.1723	0.02819
1.9521	1	48.1766	0.02819
1.9548	1	48.1809	0.02819
1.9576	1	48.1853	0.02819
1.9603	1	48.1896	0.02819
1.963	1	48.1939	0.0282
1.9658	1	48.1982	0.0282
1.9685	1	48.2025	0.0282
1.9713	1	48.2068	0.0282
1.974	1	48.2111	0.0282
1.9767	1	48.2153	0.0282
1.9795	1	48.2196	0.0282
1.9822	1	48.2239	0.0282
1.9849	1	48.2282	0.02821
1.9877	1	48.2324	0.02821
1.9904	1	48.2367	0.02821
1.9932	1	48.2409	0.02821
1.9959	1	48.2452	0.02821
1.9986	1	48.2494	0.02821
2.0014	1	48.2536	0.02821
2.0041	1	48.2579	0.02822
2.0068	1	48.2621	0.02822
2.0096	1	48.2663	0.02822
2.0123	1	48.2705	0.02822
2.0151	1	48.2747	0.02822
2.0178	1	48.2789	0.02822
2.0205	1	48.2831	0.02822
2.0233	1	48.2873	0.02823
2.026	1	48.2915	0.02823
2.0287	1	48.2956	0.02823
2.0315	1	48.2998	0.02823
2.0342	1	48.304	0.02823
2.037	1	48.3081	0.02823
2.0397	1	48.3123	0.02823
2.0424	1	48.3164	0.02823
2.0452	1	48.3206	0.02824
2.0479	1	48.3247	0.02824
2.0507	1	48.3288	0.02824
2.0534	1	48.333	0.02824
2.0561	1	48.3371	0.02824
2.0589	1	48.3412	0.02824
2.0616	1	48.3453	0.02824
2.0643	1	48.3494	0.02825
2.0671	1	48.3535	0.02825
2.0698	1	48.3576	0.02825
2.0726	1	48.3617	0.02825
2.0753	1	48.3658	0.02825
2.078	1	48.3699	0.02825
2.0808	1	48.3739	0.02825
2.0835	1	48.378	0.02825
2.0862	1	48.3821	0.02826
2.089	1	48.3861	0.02826
2.0917	1	48.3902	0.02826
2.0945	1	48.3942	0.02826
2.0972	1	48.3982	0.02826
2.0999	1	48.4023	0.02826
2.1027	1	48.4063	0.02826
2.1054	1	48.4103	0.02827
2.1081	1	48.4143	0.02827
2.1109	1	48.4184	0.02827
2.1136	1	48.4224	0.02827
2.1164	1	48.4264	0.02827
2.1191	1	48.4304	0.02827
2.1218	1	48.4343	0.02827
2.1246	1	48.4383	0.02828
2.1273	1	48.4423	0.02828
2.13	1	48.4463	0.02828
2.1328	1	48.4502	0.02828
2.1355	1	48.4542	0.02828
2.1383	1	48.4582	0.02828
2.141	1	48.4621	0.02828
2.1437	1	48.4661	0.02829
2.1465	1	48.47	0.02829
2.1492	1	48.4739	0.02829
2.152	1	48.4779	0.02829
2.1547	1	48.4818	0.02829
2.1574	1	48.4857	0.02829
2.1602	1	48.4896	0.02829
2.1629	1	48.4935	0.02829
2.1656	1	48.4974	0.0283
2.1684	1	48.5013	0.0283
2.1711	1	48.5052	0.0283
2.1739	1	48.5091	0.0283
2.1766	1	48.513	0.0283
2.1793	1	48.5169	0.0283
2.1821	1	48.5207	0.0283
2.1848	1	48.5246	0.02831
2.1875	1	48.5285	0.02831
2.1903	1	48.5323	0.02831
2.193	1	48.5362	0.02831
2.1958	1	48.54	0.02831
2.1985	1	48.5438	0.02831
2.2012	1	48.5477	0.02831
2.204	1	48.5515	0.02832
2.2067	1	48.5553	0.02832
2.2094	1	48.5591	0.02832
2.2122	1	48.563	0.02832
2.2149	1	48.5668	0.02832
2.2177	1	48.5706	0.02832
2.2204	1	48.5744	0.02832
2.2231	1	48.5782	0.02833
2.2259	1	48.5819	0.02833
2.2286	1	48.5857	0.02833
2.2313	1	48.5895	0.02833
2.2341	1	48.5933	0.02833
2.2368	1	48.597	0.02833
2.2396	1	48.6008	0.02833
2.2423	1	48.6045	0.02834
2.245	1	48.6083	0.02834
2.2478	1	48.612	0.02834
2.2505	1	48.6158	0.02834
2.2533	1	48.6195	0.02834
2.256	1	48.6232	0.02834
2.2587	1	48.627	0.02834
2.2615	1	48.6307	0.02835
2.2642	1	48.6344	0.02835
2.2669	1	48.6381	0.02835
2.2697	1	48.6418	0.02835
2.2724	1	48.6455	0.02835
2.2752	1	48.6492	0.02835
2.2779	1	48.6529	0.02835
2.2806	1	48.6566	0.02835
2.2834	1	48.6602	0.02836
2.2861	1	48.6639	0.02836
2.2888	1	48.6676	0.02836
2.2916	1	48.6712	0.02836
2.2943	1	48.6749	0.02836
2.2971	1	48.6785	0.02836
2.2998	1	48.6822	0.02836
2.3025	1	48.6858	0.02837
2.3053	1	48.6895	0.02837
2.308	1	48.6931	0.02837
2.3107	1	48.6967	0.02837
2.3135	1	48.7003	0.02837
2.3162	1	48.7039	0.02837
2.319	1	48.7076	0.02837
2.3217	1	48.7112	0.02838
2.3244	1	48.7148	0.02838
2.3272	1	48.7184	0.02838
2.3299	1	48.7219	0.02838
2.3326	1	48.7255	0.02838
2.3354	1	48.7291	0.02838
2.3381	1	48.7327	0.02838
2.3409	1	48.7363	0.02839
2.3436	1	48.7398	0.02839
2.3463	1	48.7434	0.02839
2.3491	1	48.7469	0.02839
2.3518	1	48.7505	0.02839
2.3546	1	48.754	0.02839
2.3573	1	48.7576	0.02839
2.36	1	48.7611	0.0284
2.3628	1	48.7646	0.0284
2.3655	1	48.7681	0.0284
2.3682	1	48.7717	0.0284
2.371	1	48.7752	0.0284
2.3737	1	48.7787	0.0284
2.3765	1	48.7822	0.0284
2.3792	1	48.7857	0.02841
2.3819	1	48.7892	0.02841
2.3847	1	48.7927	0.02841
2.3874	1	48.7962	0.02841
2.3901	1	48.7996	0.02841
2.3929	1	48.8031	0.02841
2.3956	1	48.8066	0.02841
2.3984	1	48.81	0.02842
2.4011	1	48.8135	0.02842
2.4038	1	48.8169	0.02842
2.4066	1	48.8204	0.02842
2.4093	1	48.8238	0.02842
2.412	1	48.8273	0.02842
2.4148	1	48.8307	0.02842
2.4175	1	48.8341	0.02843
2.4203	1	48.8376	0.02843
2.423	1	48.841	0.02843
2.4257	1	48.8444	0.02843
2.4285	1	48.8478	0.02843
2.4312	1	48.8512	0.02843
2.4339	1	48.8546	0.02843
2.4367	1	48.858	0.02843
2.4394	1	48.8614	0.02844
2.4422	1	48.8648	0.02844
2.4449	1	48.8681	0.02844
2.4476	1	48.8715	0.02844
2.4504	1	48.8749	0.02844
2.4531	1	48.8783	0.02844
2.4559	1	48.8816	0.02844
2.4586	1	48.885	0.02845
2.4613	1	48.8883	0.02845
2.4641	1	48.8917	0.02845
2.4668	1	48.895	0.02845
2.4695	1	48.8983	0.02845
2.4723	1	48.9017	0.02845
2.475	1	48.905	0.02845
2.4778	1	48.9083	0.02846
2.4805	1	48.9116	0.02846
2.4832	1	48.9149	0.02846
2.486	1	48.9182	0.02846
2.4887	1	48.9215	0.02846
2.4914	1	48.9248	0.02846
2.4942	1	48.9281	0.02846
2.4969	1	48.9314	0.02847
2.4997	1	48.9347	0.02847
2.5024	1	48.938	0.02847
2.5051	1	48.9413	0.02847
2.5079	1	48.9445	0.02847
2.5106	1	48.9478	0.02847
2.5133	1	48.951	0.02847
2.5161	1	48.9543	0.02848
2.5188	1	48.9575	0.02848
2.5216	1	48.9608	0.02848
2.5243	1	48.964	0.02848
2.527	1	48.9673	0.02848
2.5298	1	48.9705	0.02848
2.5325	1	48.9737	0.02848
2.5352	1	48.9769	0.02848
2.538	1	48.9802	0.02849
2.5407	1	48.9834	0.02849
2.5435	1	48.9866	0.02849
2.5462	1	48.9898	0.02849
2.5489	1	48.993	0.02849
2.5517	1	48.9962	0.02849
2.5544	1	48.9993	0.02849
2.5572	1	49.0025	0.0285
2.5599	1	49.0057	0.0285
2.5626	1	49.0089	0.0285
2.5654	1	49.0121	0.0285
2.5681	1	49.0152	0.0285
2.5708	1	49.0184	0.0285
2.5736	1	49.0215	0.0285
2.5763	1	49.0247	0.02851
2.5791	1	49.0278	0.02851
2.5818	1	49.031	0.02851
2.5845	1	49.0341	0.02851
2.5873	1	49.0372	0.02851
2.59	1	49.0404	0.02851
2.5927	1	49.0435	0.02851
2.5955	1	49.0466	0.02852
2.5982	1	49.0497	0.02852
2.601	1	49.0528	0.02852
2.6037	1	49.0559	0.02852
2.6064	1	49.059	0.02852
2.6092	1	49.0621	0.02852
2.6119	1	49.0652	0.02852
2.6146	1	49.0683	0.02852
2.6174	1	49.0714	0.02853
2.6201	1	49.0744	0.02853
2.6229	1	49.0775	0.02853
2.6256	1	49.0806	0.02853
2.6283	1	49.0836	0.02853
2.6311	1	49.0867	0.02853
2.6338	1	49.0898	0.02853
2.6366	1	49.0928	0.02854
2.6393	1	49.0958	0.02854
2.642	1	49.0989	0.02854
2.6448	1	49.1019	0.02854
2.6475	1	49.1049	0.02854
2.6502	1	49.108	0.02854
2.653	1	49.111	0.02854
2.6557	1	49.114	0.02854
2.6585	1	49.117	0.02855
2.6612	1	49.12	0.02855
2.6639	1	49.123	0.02855
2.6667	1	49.126	0.02855
2.6694	1	49.129	0.02855
2.6721	1	49.132	0.02855
2.6749	1	49.135	0.02855
2.6776	1	49.138	0.02856
2.6804	1	49.141	0.02856
2.6831	1	49.1439	0.02856
2.6858	1	49.1469	0.02856
2.6886	1	49.1499	0.02856
2.6913	1	49.1528	0.02856
2.694	1	49.1558	0.02856
2.6968	1	49.1588	0.02857
2.6995	1	49.1617	0.02857
2.7023	1	49.1646	0.02857
2.705	1	49.1676	0.02857
2.7077	1	49.1705	0.02857
2.7105	1	49.1735	0.02857
2.7132	1	49.1764	0.02857
2.7159	1	49.1793	0.02857
2.7187	1	49.1822	0.02858
2.7214	1	49.1851	0.02858
2.7242	1	49.188	0.02858
2.7269	1	49.1909	0.02858
2.7296	1	49.1938	0.02858
2.7324	1	49.1967	0.02858
2.7351	1	49.1996	0.02858
2.7379	1	49.2025	0.02859
2.7406	1	49.2054	0.02859
2.7433	1	49.2083	0.02859
2.7461	1	49.2112	0.02859
2.7488	1	49.214	0.02859
2.7515	1	49.2169	0.02859
2.7543	1	49.2198	0.02859
2.757	1	49.2226	0.02859
2.7598	1	49.2255	0.0286
2.7625	1	49.2283	0.0286
2.7652	1	49.2312	0.0286
2.768	1	49.234	0.0286
2.7707	1	49.2369	0.0286
2.7734	1	49.2397	0.0286
2.7762	1	49.2425	0.0286
2.7789	1	49.2454	0.02861
2.7817	1	49.2482	0.02861
2.7844	1	49.251	0.02861
2.7871	1	49.2538	0.02861
2.7899	1	49.2566	0.02861
2.7926	1	49.2594	0.02861
2.7953	1	49.2622	0.02861
2.7981	1	49.265	0.02861
2.8008	1	49.2678	0.02862
2.8036	1	49.2706	0.02862
2.8063	1	49.2734	0.02862
2.809	1	49.2762	0.02862
2.8118	1	49.279	0.02862
2.8145	1	49.2818	0.02862
2.8172	1	49.2845	0.02862
2.82	1	49.2873	0.02862
2.8227	1	49.2901	0.02863
2.8255	1	49.2928	0.02863
2.8282	1	49.2956	0.02863
2.8309	1	49.2983	0.02863
2.8337	1	49.3011	0.02863
2.8364	1	49.3038	0.02863
2.8392	1	49.3066	0.02863
2.8419	1	49.3093	0.02864
2.8446	1	49.312	0.02864
2.8474	1	49.3148	0.02864
2.8501	1	49.3175	0.02864
2.8528	1	49.3202	0.02864
2.8556	1	49.3229	0.02864
2.8583	1	49.3257	0.02864
2.8611	1	49.3284	0.02864
2.8638	1	49.3311	0.02865
2.8665	1	49.3338	0.02865
2.8693	1	49.3365	0.02865
2.872	1	49.3392	0.02865
2.8747	1	49.3419	0.02865
2.8775	1	49.3446	0.02865
2.8802	1	49.3472	0.02865
2.883	1	49.3499	0.02865
2.8857	1	49.3526	0.02866
2.8884	1	49.3553	0.02866
2.8912	1	49.3579	0.02866
2.8939	1	49.3606	0.02866
2.8966	1	49.3633	0.02866
2.8994	1	49.3659	0.02866
2.9021	1	49.3686	0.02866
2.9049	1	49.3712	0.02867
2.9076	1	49.3739	0.02867
2.9103	1	49.3765	0.02867
2.9131	1	49.3792	0.02867
2.9158	1	49.3818	0.02867
2.9185	1	49.3844	0.02867
2.9213	1	49.3871	0.02867
2.924	1	49.3897	0.02867
2.9268	1	49.3923	0.02868
2.9295	1	49.395	0.02868
2.9322	1	49.3976	0.02868
2.935	1	49.4002	0.02868
2.9377	1	49.4028	0.02868
2.9405	1	49.4054	0.02868
2.9432	1	49.408	0.02868
2.9459	1	49.4106	0.02868
2.9487	1	49.4132	0.02869
2.9514	1	49.4158	0.02869
2.9541	1	49.4184	0.02869
2.9569	1	49.421	0.02869
2.9596	1	49.4235	0.02869
2.9624	1	49.4261	0.02869
2.9651	1	49.4287	0.02869
2.9678	1	49.4313	0.02869
2.9706	1	49.4338	0.0287
2.9733	1	49.4364	0.0287
2.976	1	49.439	0.0287
2.9788	1	49.4415	0.0287
2.9815	1	49.4441	0.0287
2.9843	1	49.4466	0.0287
2.987	1	49.4492	0.0287
2.9897	1	49.4517	0.0287
2.9925	1	49.4543	0.02871
2.9952	1	49.4568	0.02871
2.9979	1	49.4593	0.02871
3.0007	1	49.4619	0.02871
3.0034	1	49.4644	0.02871
3.0062	1	49.4669	0.02871
3.0089	1	49.4694	0.02871
3.0116	1	49.4719	0.02871
3.0144	1	49.4745	0.02872
3.0171	1	49.477	0.02872
3.0198	1	49.4795	0.02872
3.0226	1	49.482	0.02872
3.0253	1	49.4845	0.02872
3.0281	1	49.487	0.02872
3.0308	1	49.4895	0.02872
3.0335	1	49.492	0.02872
3.0363	1	49.4944	0.02873
3.039	1	49.4969	0.02873
3.0418	1	49.4994	0.02873
3.0445	1	49.5019	0.02873
3.0472	1	49.5044	0.02873
3.05	1	49.5068	0.02873
3.0527	1	49.5093	0.02873
3.0554	1	49.5118	0.02873
3.0582	1	49.5142	0.02874
3.0609	1	49.5167	0.02874
3.0637	1	49.5191	0.02874
3.0664	1	49.5216	0.02874
3.0691	1	49.524	0.02874
3.0719	1	49.5265	0.02874
3.0746000000000002	1	49.5289	0.02874
3.0773	1	49.5314	0.02874
3.0801	1	49.5338	0.02875
3.0828	1	49.5362	0.02875
3.0856	1	49.5387	0.02875
3.0883	1	49.5411	0.02875
3.091	1	49.5435	0.02875
3.0938	1	49.5459	0.02875
3.0965	1	49.5483	0.02875
3.0992	1	49.5508	0.02875
3.102	1	49.5532	0.02876
3.1047	1	49.5556	0.02876
3.1075	1	49.558	0.02876
3.1102	1	49.5604	0.02876
3.1129	1	49.5628	0.02876
3.1157	1	49.5652	0.02876
3.1184	1	49.5676	0.02876
3.1211	1	49.57	0.02876
3.1239	1	49.5723	0.02877
3.1266	1	49.5747	0.02877
3.1294	1	49.5771	0.02877
3.1321	1	49.5795	0.02877
3.1348	1	49.5819	0.02877
3.1376	1	49.5842	0.02877
3.1403	1	49.5866	0.02877
3.1431	1	49.589	0.02877
3.1458	1	49.5913	0.02878
3.1485	1	49.5937	0.02878
3.1513	1	49.5961	0.02878
3.154	1	49.5984	0.02878
3.1567	1	49.6008	0.02878
3.1595	1	49.6031	0.02878
3.1622	1	49.6054	0.02878
3.165	1	49.6078	0.02878
3.1677	1	49.6101	0.02878
3.1704	1	49.6125	0.02879
3.1732	1	49.6148	0.02879
3.1759	1	49.6171	0.02879
3.1786	1	49.6195	0.02879
3.1814	1	49.6218	0.02879
3.1841	1	49.6241	0.02879
3.1869	1	49.6264	0.02879
3.1896	1	49.6287	0.02879
3.1923	1	49.631100000000004	0.0288
3.1951	1	49.6334	0.0288
3.1978	1	49.6357	0.0288
3.2005	1	49.638	0.0288
3.2033	1	49.6403	0.0288
3.206	1	49.6426	0.0288
3.2088	1	49.6449	0.0288
3.2115	1	49.6472	0.0288
3.2142	1	49.6495	0.02881
3.217	1	49.6517	0.02881
3.2197	1	49.654	0.02881
3.2225	1	49.6563	0.02881
3.2252	1	49.6586	0.02881
3.2279	1	49.6609	0.02881
3.2307	1	49.6631	0.02881
3.2334	1	49.6654	0.02881
3.2361	1	49.6677	0.02882
3.2389	1	49.67	0.02882
3.2416	1	49.6722	0.02882
3.2444	1	49.6745	0.02882
3.2471	1	49.6767	0.02882
3.2498	1	49.679	0.02882
3.2526	1	49.6812	0.02882
3.2553	1	49.6835	0.02882
3.258	1	49.6857	0.02882
3.2608	1	49.688	0.02883
3.2635	1	49.6902	0.02883
3.2663	1	49.6925	0.02883
3.269	1	49.6947	0.02883
3.2717	1	49.6969	0.02883
3.2745	1	49.6992	0.02883
3.2772	1	49.7014	0.02883
3.2799	1	49.7036	0.02883
3.2827	1	49.7059	0.02884
3.2854	1	49.7081	0.02884
3.2882	1	49.7103	0.02884
3.2909	1	49.7125	0.02884
3.2936	1	49.7147	0.02884
3.2964	1	49.7169	0.02884
3.2991	1	49.7191	0.02884
3.3018	1	49.7213	0.02884
3.3046	1	49.7235	0.02884
3.3073	1	49.7257	0.02885
3.3101	1	49.7279	0.02885
3.3128	1	49.7301	0.02885
3.3155	1	49.7323	0.02885
3.3183	1	49.7345	0.02885
3.321	1	49.7367	0.02885
3.3238	1	49.7389	0.02885
3.3265	1	49.7411	0.02885
3.3292	1	49.7433	0.02886
3.332	1	49.7454	0.02886
3.3347	1	49.7476	0.02886
3.3374	1	49.7498	0.02886
3.3402	1	49.752	0.02886
3.3429	1	49.7541	0.02886
3.3457	1	49.7563	0.02886
3.3484	1	49.7584	0.02886
3.3511	1	49.7606	0.02886
3.3539	1	49.7628	0.02887
3.3566	1	49.7649	0.02887
3.3593	1	49.7671	0.02887
3.3621	1	49.7692	0.02887
3.3648	1	49.7714	0.02887
3.3676	1	49.7735	0.02887
3.3703	1	49.7757	0.02887
3.373	1	49.7778	0.02887
3.3758	1	49.7799	0.02887
3.3785	1	49.7821	0.02888
3.3812	1	49.7842	0.02888
3.384	1	49.7863	0.02888
3.3867	1	49.7885	0.02888
3.3895	1	49.7906	0.02888
3.3922	1	49.7927	0.02888
3.3949	1	49.7948	0.02888
3.3977	1	49.797	0.02888
3.4004	1	49.7991	0.02889
3.4031	1	49.8012	0.02889
3.4059	1	49.8033	0.02889
3.4086	1	49.8054	0.02889
3.4114	1	49.8075	0.02889
3.4141	1	49.8096	0.02889
3.4168	1	49.8117	0.02889
3.4196	1	49.8138	0.02889
3.4223	1	49.8159	0.02889
3.4251	1	49.818	0.0289
3.4278	1	49.8201	0.0289
3.4305	1	49.8222	0.0289
3.4333	1	49.8243	0.0289
3.436	1	49.8264	0.0289
3.4387	1	49.8285	0.0289
3.4415	1	49.8305	0.0289
3.4442	1	49.8326	0.0289
3.447	1	49.8347	0.0289
3.4497	1	49.8368	0.02891
3.4524	1	49.8389	0.02891
3.4552	1	49.8409	0.02891
3.4579	1	49.843	0.02891
3.4606	1	49.8451	0.02891
3.4634	1	49.8471	0.02891
3.4661	1	49.8492	0.02891
3.4689	1	49.8512	0.02891
3.4716	1	49.8533	0.02891
3.4743	1	49.8554	0.02892
3.4771	1	49.8574	0.02892
3.4798	1	49.8595	0.02892
3.4825	1	49.8615	0.02892
3.4853	1	49.8635	0.02892
3.488	1	49.8656	0.02892
3.4908	1	49.8676	0.02892
3.4935	1	49.8697	0.02892
3.4962	1	49.8717	0.02892
3.499	1	49.8737	0.02893
3.5017	1	49.8758	0.02893
3.5044	1	49.8778	0.02893
3.5072	1	49.8798	0.02893
3.5099	1	49.8819	0.02893
3.5127	1	49.8839	0.02893
3.5154	1	49.8859	0.02893
3.5181	1	49.8879	0.02893
3.5209	1	49.8899	0.02893
3.5236	1	49.8919	0.02894
3.5264	1	49.894	0.02894
3.5291	1	49.896	0.02894
3.5318	1	49.898	0.02894
3.5346	1	49.9	0.02894
3.5373	1	49.902	0.02894
3.54	1	49.904	0.02894
3.5428	1	49.906	0.02894
3.5455	1	49.908	0.02894
3.5483	1	49.91	0.02895
3.551	1	49.912	0.02895
3.5537	1	49.914	0.02895
3.5565	1	49.916	0.02895
3.5592	1	49.9179	0.02895
3.5619	1	49.9199	0.02895
3.5647	1	49.9219	0.02895
3.5674	1	49.9239	0.02895
3.5702	1	49.9259	0.02895
3.5729	1	49.9278	0.02896
3.5756	1	49.9298	0.02896
3.5784	1	49.9318	0.02896
3.5811	1	49.9338	0.02896
3.5838	1	49.9357	0.02896
3.5866	1	49.9377	0.02896
3.5893	1	49.9397	0.02896
3.5921	1	49.9416	0.02896
3.5948	1	49.943600000000004	0.02896
3.5975	1	49.9455	0.02897
3.6003	1	49.9475	0.02897
3.603	1	49.9494	0.02897
3.6057	1	49.9514	0.02897
3.6085	1	49.9533	0.02897
3.6112	1	49.9553	0.02897
3.614	1	49.9572	0.02897
3.6167	1	49.9592	0.02897
3.6194	1	49.9611	0.02897
3.6222	1	49.963	0.02898
3.6249	1	49.965	0.02898
3.6277	1	49.9669	0.02898
3.6304	1	49.9688	0.02898
3.6331	1	49.9708	0.02898
3.6359	1	49.9727	0.02898
3.6386	1	49.9746	0.02898
3.6413	1	49.9765	0.02898
3.6441	1	49.9785	0.02898
3.6468	1	49.9804	0.02899
3.6496	1	49.9823	0.02899
3.6523	1	49.9842	0.02899
3.655	1	49.9861	0.02899
3.6578	1	49.988	0.02899
3.6605	1	49.99	0.02899
3.6632	1	49.9919	0.02899
3.666	1	49.9938	0.02899
3.6687	1	49.9957	0.02899
3.6715	1	49.9976	0.029
3.6742	1	49.9995	0.029
3.6769	1	50.0014	0.029
3.6797	1	50.0033	0.029
3.6824	1	50.0051	0.029
3.6851	1	50.007	0.029
3.6879	1	50.0089	0.029
3.6906	1	50.0108	0.029
3.6934	1	50.0127	0.029
3.6961	1	50.0146	0.029
3.6988	1	50.0165	0.02901
3.7016	1	50.0183	0.02901
3.7043	1	50.0202	0.02901
3.707	1	50.0221	0.02901
3.7098	1	50.024	0.02901
3.7125	1	50.0258	0.02901
3.7153	1	50.0277	0.02901
3.718	1	50.0296	0.02901
3.7207	1	50.0314	0.02901
3.7235	1	50.0333	0.02902
3.7262	1	50.0351	0.02902
3.729	1	50.037	0.02902
3.7317	1	50.0389	0.02902
3.7344	1	50.0407	0.02902
3.7372	1	50.0426	0.02902
3.7399	1	50.0444	0.02902
3.7426	1	50.0463	0.02902
3.7454	1	50.0481	0.02902
3.7481	1	50.05	0.02903
3.7509	1	50.0518	0.02903
3.7536	1	50.0536	0.02903
3.7563	1	50.0555	0.02903
3.7591	1	50.0573	0.02903
3.7618	1	50.0591	0.02903
3.7645	1	50.061	0.02903
3.7673	1	50.0628	0.02903
3.77	1	50.0646	0.02903
3.7728	1	50.0665	0.02903
3.7755	1	50.0683	0.02904
3.7782	1	50.0701	0.02904
3.781	1	50.0719	0.02904
3.7837	1	50.0737	0.02904
3.7864	1	50.0756	0.02904
3.7892	1	50.0774	0.02904
3.7919	1	50.0792	0.02904
3.7947	1	50.081	0.02904
3.7974	1	50.0828	0.02904
3.8001	1	50.0846	0.02905
3.8029	1	50.0864	0.02905
3.8056	1	50.0882	0.02905
3.8084	1	50.09	0.02905
3.8111	1	50.0918	0.02905
3.8138	1	50.0936	0.02905
3.8166	1	50.0954	0.02905
3.8193	1	50.0972	0.02905
3.822	1	50.099	0.02905
3.8248	1	50.1008	0.02905
3.8275	1	50.1026	0.02906
3.8303	1	50.1044	0.02906
3.833	1	50.1062	0.02906
3.8357	1	50.1079	0.02906
3.8385	1	50.1097	0.02906
3.8412	1	50.1115	0.02906
3.8439	1	50.1133	0.02906
3.8467	1	50.115	0.02906
3.8494	1	50.1168	0.02906
3.8522	1	50.1186	0.02906
3.8549	1	50.1204	0.02907
3.8576	1	50.1221	0.02907
3.8604	1	50.1239	0.02907
3.8631	1	50.1257	0.02907
3.8658	1	50.1274	0.02907
3.8686	1	50.1292	0.02907
3.8713	1	50.1309	0.02907
3.8741	1	50.1327	0.02907
3.8768	1	50.1345	0.02907
3.8795	1	50.1362	0.02908
3.8823	1	50.138	0.02908
3.885	1	50.1397	0.02908
3.8877	1	50.1415	0.02908
3.8905	1	50.1432	0.02908
3.8932	1	50.1449	0.02908
3.896	1	50.1467	0.02908
3.8987	1	50.1484	0.02908
3.9014	1	50.1502	0.02908
3.9042	1	50.1519	0.02908
3.9069	1	50.1536	0.02909
3.9097	1	50.1554	0.02909
3.9124	1	50.1571	0.02909
3.9151	1	50.1588	0.02909
3.9179	1	50.1606	0.02909
3.9206	1	50.1623	0.02909
3.9233	1	50.164	0.02909
3.9261	1	50.1657	0.02909
3.9288	1	50.1674	0.02909
3.9316	1	50.1692	0.02909
3.9343	1	50.1709	0.0291
3.937	1	50.1726	0.0291
3.9398	1	50.1743	0.0291
3.9425	1	50.176	0.0291
3.9452	1	50.1777	0.0291
3.948	1	50.1794	0.0291
3.9507	1	50.1811	0.0291
3.9535	1	50.1828	0.0291
3.9562	1	50.1845	0.0291
3.9589	1	50.1862	0.0291
3.9617	1	50.1879	0.02911
3.9644	1	50.1896	0.02911
3.9671	1	50.1913	0.02911
3.9699	1	50.193	0.02911
3.9726	1	50.1947	0.02911
3.9754	1	50.1964	0.02911
3.9781	1	50.1981	0.02911
3.9808	1	50.1998	0.02911
3.9836	1	50.2015	0.02911
3.9863	1	50.2032	0.02912
3.989	1	50.2048	0.02912
3.9918	1	50.2065	0.02912
3.9945	1	50.2082	0.02912
3.9973	1	50.2099	0.02912
4	1	50.2115	0.02912
4.0027	1	50.2132	0.02912
4.0055	1	50.2149	0.02912
4.0082	1	50.2166	0.02912
4.011	1	50.2182	0.02912
4.0137	1	50.2199	0.02913
4.0164	1	50.2216	0.02913
4.0192	1	50.2232	0.02913
4.0219	1	50.2249	0.02913
4.0246	1	50.2265	0.02913
4.0274	1	50.2282	0.02913
4.0301	1	50.2299	0.02913
4.0329	1	50.2315	0.02913
4.0356	1	50.2332	0.02913
4.0383	1	50.2348	0.02913
4.0411	1	50.2365	0.02914
4.0438	1	50.2381	0.02914
4.0465	1	50.2398	0.02914
4.0493	1	50.2414	0.02914
4.052	1	50.2431	0.02914
4.0548	1	50.2447	0.02914
4.0575	1	50.2463	0.02914
4.0602	1	50.248	0.02914
4.063	1	50.2496	0.02914
4.0657	1	50.2512	0.02914
4.0684	1	50.2529	0.02914
4.0712	1	50.2545	0.02915
4.0739	1	50.256100000000004	0.02915
4.0767	1	50.2578	0.02915
4.0794	1	50.2594	0.02915
4.0821	1	50.261	0.02915
4.0849	1	50.2627	0.02915
4.0876	1	50.2643	0.02915
4.0903	1	50.2659	0.02915
4.0931	1	50.2675	0.02915
4.0958	1	50.2691	0.02915
4.0986	1	50.2707	0.02916
4.1013	1	50.2724	0.02916
4.104	1	50.274	0.02916
4.1068	1	50.2756	0.02916
4.1095	1	50.2772	0.02916
4.1123	1	50.2788	0.02916
4.115	1	50.2804	0.02916
4.1177	1	50.282	0.02916
4.1205	1	50.2836	0.02916
4.1232	1	50.2852	0.02916
4.1259	1	50.2868	0.02917
4.1287	1	50.2884	0.02917
4.1314	1	50.29	0.02917
4.1342	1	50.2916	0.02917
4.1369	1	50.2932	0.02917
4.1396	1	50.2948	0.02917
4.1424	1	50.2964	0.02917
4.1451	1	50.298	0.02917
4.1478	1	50.2996	0.02917
4.1506	1	50.3012	0.02917
4.1533	1	50.3028	0.02918
4.1561	1	50.3043	0.02918
4.1588	1	50.3059	0.02918
4.1615	1	50.3075	0.02918
4.1643	1	50.3091	0.02918
4.167	1	50.3107	0.02918
4.1697	1	50.3122	0.02918
4.1725	1	50.3138	0.02918
4.1752	1	50.3154	0.02918
4.178	1	50.317	0.02918
4.1807	1	50.3185	0.02919
4.1834	1	50.3201	0.02919
4.1862	1	50.3217	0.02919
4.1889	1	50.3232	0.02919
4.1916	1	50.3248	0.02919
4.1944	1	50.3264	0.02919
4.1971	1	50.3279	0.02919
4.1999	1	50.3295	0.02919
4.2026	1	50.3311	0.02919
4.2053	1	50.3326	0.02919
4.2081	1	50.3342	0.02919
4.2108	1	50.3357	0.0292
4.2136	1	50.3373	0.0292
4.2163	1	50.3388	0.0292
4.219	1	50.3404	0.0292
4.2218	1	50.3419	0.0292
4.2245	1	50.3435	0.0292
4.2272	1	50.345	0.0292
4.23	1	50.3466	0.0292
4.2327	1	50.3481	0.0292
4.2355	1	50.3497	0.0292
4.2382	1	50.3512	0.02921
4.2409	1	50.3527	0.02921
4.2437	1	50.3543	0.02921
4.2464	1	50.3558	0.02921
4.2491	1	50.3573	0.02921
4.2519	1	50.3589	0.02921
4.2546	1	50.3604	0.02921
4.2574	1	50.3619	0.02921
4.2601	1	50.3635	0.02921
4.2628	1	50.365	0.02921
4.2656	1	50.3665	0.02921
4.2683	1	50.3681	0.02922
4.271	1	50.3696	0.02922
4.2738	1	50.3711	0.02922
4.2765	1	50.3726	0.02922
4.2793	1	50.3741	0.02922
4.282	1	50.3757	0.02922
4.2847	1	50.3772	0.02922
4.2875	1	50.3787	0.02922
4.2902	1	50.3802	0.02922
4.293	1	50.3817	0.02922
4.2957	1	50.3832	0.02923
4.2984	1	50.3848	0.02923
4.3012	1	50.3863	0.02923
4.3039	1	50.3878	0.02923
4.3066	1	50.3893	0.02923
4.3094	1	50.3908	0.02923
4.3121	1	50.3923	0.02923
4.3149	1	50.3938	0.02923
4.3176	1	50.3953	0.02923
4.3203	1	50.3968	0.02923
4.3231	1	50.3983	0.02923
4.3258	1	50.3998	0.02924
4.3285	1	50.4013	0.02924
4.3313	1	50.4028	0.02924
4.334	1	50.4043	0.02924
4.3368	1	50.4058	0.02924
4.3395	1	50.4073	0.02924
4.3422	1	50.4088	0.02924
4.345	1	50.4102	0.02924
4.3477	1	50.4117	0.02924
4.3504	1	50.4132	0.02924
4.3532	1	50.4147	0.02925
4.3559	1	50.4162	0.02925
4.3587	1	50.4177	0.02925
4.3614	1	50.4192	0.02925
4.3641	1	50.4206	0.02925
4.3669	1	50.4221	0.02925
4.3696	1	50.4236	0.02925
4.3723	1	50.4251	0.02925
4.3751	1	50.4265	0.02925
4.3778	1	50.428	0.02925
4.3806	1	50.4295	0.02925
4.3833	1	50.431	0.02926
4.386	1	50.4324	0.02926
4.3888	1	50.4339	0.02926
4.3915	1	50.4354	0.02926
4.3943	1	50.4368	0.02926
4.397	1	50.4383	0.02926
4.3997	1	50.4398	0.02926
4.4025	1	50.4412	0.02926
4.4052	1	50.4427	0.02926
4.4079	1	50.4442	0.02926
4.4107	1	50.4456	0.02926
4.4134	1	50.4471	0.02927
4.4162	1	50.4485	0.02927
4.4189	1	50.45	0.02927
4.4216	1	50.4514	0.02927
4.4244	1	50.4529	0.02927
4.4271	1	50.4543	0.02927
4.4298	1	50.4558	0.02927
4.4326	1	50.4573	0.02927
4.4353	1	50.4587	0.02927
4.4381	1	50.4601	0.02927
4.4408	1	50.4616	0.02927
4.4435	1	50.463	0.02928
4.4463	1	50.4645	0.02928
4.449	1	50.4659	0.02928
4.4517	1	50.4674	0.02928
4.4545	1	50.4688	0.02928
4.4572	1	50.4702	0.02928
4.46	1	50.4717	0.02928
4.4627	1	50.4731	0.02928
4.4654	1	50.4746	0.02928
4.4682	1	50.476	0.02928
4.4709	1	50.4774	0.02929
4.4736	1	50.4789	0.02929
4.4764	1	50.4803	0.02929
4.4791	1	50.4817	0.02929
4.4819	1	50.4832	0.02929
4.4846	1	50.4846	0.02929
4.4873	1	50.486	0.02929
4.4901	1	50.4874	0.02929
4.4928	1	50.4889	0.02929
4.4956	1	50.4903	0.02929
4.4983	1	50.4917	0.02929
4.501	1	50.4931	0.0293
4.5038	1	50.4945	0.0293
4.5065	1	50.496	0.0293
4.5092	1	50.4974	0.0293
4.512	1	50.4988	0.0293
4.5147	1	50.5002	0.0293
4.5175	1	50.5016	0.0293
4.5202	1	50.503	0.0293
4.5229	1	50.5045	0.0293
4.5257	1	50.5059	0.0293
4.5284	1	50.5073	0.0293
4.5311	1	50.5087	0.02931
4.5339	1	50.5101	0.02931
4.5366	1	50.5115	0.02931
4.5394	1	50.5129	0.02931
4.5421	1	50.5143	0.02931
4.5448	1	50.5157	0.02931
4.5476	1	50.5171	0.02931
4.5503	1	50.5185	0.02931
4.553	1	50.5199	0.02931
4.5558	1	50.5213	0.02931
4.5585	1	50.5227	0.02931
4.5613	1	50.5241	0.02932
4.564	1	50.5255	0.02932
4.5667	1	50.5269	0.02932
4.5695	1	50.5283	0.02932
4.5722	1	50.5297	0.02932
4.5749	1	50.5311	0.02932
4.5777	1	50.5325	0.02932
4.5804	1	50.5339	0.02932
4.5832	1	50.5353	0.02932
4.5859	1	50.5367	0.02932
4.5886	1	50.5381	0.02932
4.5914	1	50.5395	0.02933
4.5941	1	50.5408	0.02933
4.5969	1	50.5422	0.02933
4.5996	1	50.5436	0.02933
4.6023	1	50.545	0.02933
4.6051	1	50.5464	0.02933
4.6078	1	50.5478	0.02933
4.6105	1	50.5491	0.02933
4.6133	1	50.5505	0.02933
4.616	1	50.5519	0.02933
4.6188	1	50.5533	0.02933
4.6215	1	50.5547	0.02933
4.6242	1	50.556	0.02934
4.627	1	50.5574	0.02934
4.6297	1	50.5588	0.02934
4.6324	1	50.5602	0.02934
4.6352	1	50.5615	0.02934
4.6379	1	50.5629	0.02934
4.6407	1	50.5643	0.02934
4.6434	1	50.5656	0.02934
4.6461	1	50.567	0.02934
4.6489	1	50.5684	0.02934
4.6516	1	50.5697	0.02934
4.6543	1	50.5711	0.02935
4.6571	1	50.5725	0.02935
4.6598	1	50.5738	0.02935
4.6626	1	50.5752	0.02935
4.6653	1	50.5766	0.02935
4.668	1	50.5779	0.02935
4.6708	1	50.5793	0.02935
4.6735	1	50.5807	0.02935
4.6762	1	50.582	0.02935
4.679	1	50.5834	0.02935
4.6817	1	50.5847	0.02935
4.6845	1	50.5861	0.02936
4.6872	1	50.5874	0.02936
4.6899	1	50.5888	0.02936
4.6927	1	50.5901	0.02936
4.6954	1	50.5915	0.02936
4.6982	1	50.5929	0.02936
4.7009	1	50.5942	0.02936
4.7036	1	50.5956	0.02936
4.7064	1	50.5969	0.02936
4.7091	1	50.5983	0.02936
4.7118	1	50.5996	0.02936
4.7146	1	50.601	0.02937
4.7173	1	50.6023	0.02937
4.7201	1	50.6036	0.02937
4.7228	1	50.605	0.02937
4.7255	1	50.6063	0.02937
4.7283	1	50.6077	0.02937
4.731	1	50.609	0.02937
4.7337	1	50.6104	0.02937
4.7365	1	50.6117	0.02937
4.7392	1	50.613	0.02937
4.742	1	50.6144	0.02937
4.7447	1	50.6157	0.02937
4.7474	1	50.6171	0.02938
4.7502	1	50.6184	0.02938
4.7529	1	50.6197	0.02938
4.7556	1	50.6211	0.02938
4.7584	1	50.6224	0.02938
4.7611	1	50.6237	0.02938
4.7639	1	50.6251	0.02938
4.7666	1	50.6264	0.02938
4.7693	1	50.6277	0.02938
4.7721	1	50.6291	0.02938
4.7748	1	50.6304	0.02938
4.7775	1	50.6317	0.02939
4.7803	1	50.6331	0.02939
4.783	1	50.6344	0.02939
4.7858	1	50.6357	0.02939
4.7885	1	50.637	0.02939
4.7912	1	50.6384	0.02939
4.794	1	50.6397	0.02939
4.7967	1	50.641	0.02939
4.7995	1	50.6423	0.02939
4.8022	1	50.6437	0.02939
4.8049	1	50.645	0.02939
4.8077	1	50.6463	0.0294
4.8104	1	50.6476	0.0294
4.8131	1	50.649	0.0294
4.8159	1	50.6503	0.0294
4.8186	1	50.6516	0.0294
4.8214	1	50.6529	0.0294
4.8241	1	50.6542	0.0294
4.8268	1	50.6555	0.0294
4.8296	1	50.6569	0.0294
4.8323	1	50.6582	0.0294
4.835	1	50.6595	0.0294
4.8378	1	50.6608	0.0294
4.8405	1	50.6621	0.02941
4.8433	1	50.6634	0.02941
4.846	1	50.6647	0.02941
4.8487	1	50.6661	0.02941
4.8515	1	50.6674	0.02941
4.8542	1	50.6687	0.02941
4.8569	1	50.67	0.02941
4.8597	1	50.6713	0.02941
4.8624	1	50.6726	0.02941
4.8652	1	50.6739	0.02941
4.8679	1	50.6752	0.02941
4.8706	1	50.6765	0.02941
4.8734	1	50.6778	0.02942
4.8761	1	50.6791	0.02942
4.8789	1	50.6804	0.02942
4.8816	1	50.6817	0.02942
4.8843	1	50.683	0.02942
4.8871	1	50.6843	0.02942
4.8898	1	50.6856	0.02942
4.8925	1	50.6869	0.02942
4.8953	1	50.6882	0.02942
4.898	1	50.6895	0.02942
4.9008	1	50.6908	0.02942
4.9035	1	50.6921	0.02943
4.9062	1	50.6934	0.02943
4.909	1	50.6947	0.02943
4.9117	1	50.696	0.02943
4.9144	1	50.6973	0.02943
4.9172	1	50.6986	0.02943
4.9199	1	50.6999	0.02943
4.9227	1	50.7012	0.02943
4.9254	1	50.7025	0.02943
4.9281	1	50.7038	0.02943
4.9309	1	50.7051	0.02943
4.9336	1	50.7064	0.02943
4.9363	1	50.7077	0.02944
4.9391	1	50.709	0.02944
4.9418	1	50.7102	0.02944
4.9446	1	50.7115	0.02944
4.9473	1	50.7128	0.02944
4.95	1	50.7141	0.02944
4.9528	1	50.7154	0.02944
4.9555	1	50.7167	0.02944
4.9582	1	50.718	0.02944
4.961	1	50.7193	0.02944
4.9637	1	50.7205	0.02944
4.9665	1	50.7218	0.02944
4.9692	1	50.7231	0.02945
4.9719	1	50.7244	0.02945
4.9747	1	50.7257	0.02945
4.9774	1	50.7269	0.02945
4.9802	1	50.7282	0.02945
4.9829	1	50.7295	0.02945
4.9856	1	50.7308	0.02945
4.9884	1	50.7321	0.02945
4.9911	1	50.7333	0.02945
4.9938	1	50.7346	0.02945
4.9966	1	50.7359	0.02945
4.9993	1	50.7372	0.02945
5.0021	1	50.7384	0.02946
5.0048	1	50.7397	0.02946
5.0075	1	50.741	0.02946
5.0103	1	50.7423	0.02946
5.013	1	50.7435	0.02946
5.0157	1	50.7448	0.02946
5.0185	1	50.7461	0.02946
5.0212	1	50.7474	0.02946
5.024	1	50.7486	0.02946
5.0267	1	50.7499	0.02946
5.0294	1	50.7512	0.02946
5.0322	1	50.7524	0.02947
5.0349	1	50.7537	0.02947
5.0376	1	50.755	0.02947
5.0404	1	50.7562	0.02947
5.0431	1	50.7575	0.02947
5.0459	1	50.7588	0.02947
5.0486	1	50.76	0.02947
5.0513	1	50.7613	0.02947
5.0541	1	50.7626	0.02947
5.0568	1	50.7638	0.02947
5.0595	1	50.7651	0.02947
5.0623	1	50.7664	0.02947
5.065	1	50.7676	0.02948
5.0678	1	50.7689	0.02948
5.0705	1	50.7701	0.02948
5.0732	1	50.7714	0.02948
5.076	1	50.7727	0.02948
5.0787	1	50.7739	0.02948
5.0815	1	50.7752	0.02948
