name = who
year = 2006
yname = bmi
sex = female
distribution = LMS
citation = WHO
publication = WHO Multicentre Growth Reference Study Group (2006). WHO Child Growth Standards: Length/height-for-age, weight-for-age, weight-for-length, weight-for-height and body mass index-for-age: Methods and development. Geneva: World Health Organization; pp 312. (web site: http://www.who.int/childgrowth/publications/en/)
[data]
x	L	M	S
0	-0.0631	13.3363	0.09272
0.0027	0.0362	13.3185	0.0936
0.0055	0.1355	13.3006	0.09448
0.0082	0.2347	13.2828	0.09535
0.011	0.334	13.2649	0.09623
0.0137	0.4333	13.247	0.09711
0.0164	0.5326	13.2292	0.09799
0.0192	0.6319	13.2113	0.09887
0.0219	0.6142	13.2455	0.09866
0.0246	0.5965	13.2796	0.09845
0.0274	0.5789	13.3137	0.09824
0.0301	0.5612	13.3478	0.09804
0.0329	0.5435	13.3819	0.09783
0.0356	0.5258	13.416	0.09762
0.0383	0.5082	13.4501	0.09741
0.0411	0.4947	13.5169	0.09726
0.0438	0.482	13.5873	0.09711
0.0465	0.4699	13.6595	0.09697
0.0493	0.4583	13.7325	0.09684
0.052	0.4472	13.8056	0.09671
0.0548	0.4365	13.8784	0.09659
0.0575	0.4263	13.9505	0.09647
0.0602	0.4164	14.0216	0.09636
0.063	0.4069	14.0916	0.09625
0.0657	0.3977	14.1603	0.09615
0.0684	0.3888	14.2276	0.09605
0.0712	0.3802	14.2935	0.09595
0.0739	0.3718	14.3579	0.09586
0.0767	0.3637	14.4208	0.09577
0.0794	0.3558	14.4824	0.09568
0.0821	0.3481	14.5422	0.09559
0.0849	0.3406	14.6003	0.09551
0.0876	0.3333	14.6566	0.09543
0.0903	0.3262	14.7112	0.09535
0.0931	0.3192	14.7642	0.09527
0.0958	0.3124	14.8157	0.0952
0.0986	0.3058	14.8657	0.09513
0.1013	0.2993	14.9142	0.09506
0.104	0.2929	14.9614	0.09499
0.1068	0.2867	15.0073	0.09492
0.1095	0.2806	15.052	0.09485
0.1123	0.2747	15.0955	0.09479
0.115	0.2688	15.138	0.09472
0.1177	0.263	15.1794	0.09466
0.1205	0.2574	15.2198	0.0946
0.1232	0.2519	15.2591	0.09454
0.1259	0.2464	15.2974	0.09448
0.1287	0.2411	15.3347	0.09442
0.1314	0.2358	15.3709	0.09436
0.1342	0.2306	15.4063	0.09431
0.1369	0.2255	15.4408	0.09425
0.1396	0.2205	15.4744	0.0942
0.1424	0.21560000000000001	15.5072	0.09415
0.1451	0.2107	15.5393	0.0941
0.1478	0.2059	15.5706	0.09404
0.1506	0.2012	15.6012	0.09399
0.1533	0.1966	15.6311	0.09394
0.1561	0.192	15.6604	0.09389
0.1588	0.1875	15.689	0.09385
0.1615	0.183	15.717	0.0938
0.1643	0.1787	15.7444	0.09375
0.167	0.1743	15.7713	0.09371
0.1697	0.17	15.7975	0.09366
0.1725	0.1658	15.8232	0.09361
0.1752	0.1617	15.8483	0.09357
0.178	0.1575	15.8729	0.09353
0.1807	0.1535	15.8968	0.09348
0.1834	0.1495	15.9202	0.09344
0.1862	0.1455	15.9431	0.0934
0.1889	0.1416	15.9655	0.09336
0.1916	0.1377	15.9874	0.09332
0.1944	0.1339	16.0087	0.09328
0.1971	0.1301	16.0297	0.09324
0.1999	0.1263	16.0501	0.0932
0.2026	0.1226	16.0702	0.09316
0.2053	0.119	16.0897	0.09312
0.2081	0.1154	16.1089	0.09308
0.2108	0.1118	16.1277	0.09304
0.2136	0.1082	16.1461	0.093
0.2163	0.1047	16.164	0.09297
0.219	0.1013	16.1817	0.09293
0.2218	0.0978	16.1989	0.09289
0.2245	0.0944	16.2158	0.09286
0.2272	0.0911	16.2323	0.09282
0.23	0.0877	16.2485	0.09279
0.2327	0.0844	16.2644	0.09275
0.2355	0.0811	16.28	0.09272
0.2382	0.0779	16.2952	0.09268
0.2409	0.0747	16.3101	0.09265
0.2437	0.0715	16.3247	0.09262
0.2464	0.0684	16.339	0.09258
0.2491	0.0652	16.3531	0.09255
0.2519	0.0621	16.3668	0.09252
0.2546	0.0591	16.3803	0.09249
0.2574	0.056	16.3935	0.09245
0.2601	0.053	16.4065	0.09242
0.2628	0.05	16.4192	0.09239
0.2656	0.0471	16.4316	0.09236
0.2683	0.0442	16.4438	0.09233
0.271	0.0412	16.4557	0.0923
0.2738	0.0384	16.4673	0.09227
0.2765	0.0355	16.4788	0.09224
0.2793	0.0327	16.49	0.09221
0.282	0.0298	16.5009	0.09218
0.2847	0.027	16.5117	0.09215
0.2875	0.0243	16.5222	0.09212
0.2902	0.0215	16.5325	0.09209
0.293	0.0188	16.5426	0.09206
0.2957	0.0161	16.5525	0.09203
0.2984	0.0134	16.5622	0.09201
0.3012	0.0107	16.5717	0.09198
0.3039	0.0081	16.581	0.09195
0.3066	0.0055	16.5901	0.09192
0.3094	0.0029	16.5991	0.09189
0.3121	3e-4	16.6078	0.09187
0.3149	-0.0023	16.6164	0.09184
0.3176	-0.0048	16.6249	0.09181
0.3203	-0.0074	16.6331	0.09179
0.3231	-0.0099	16.6412	0.09176
0.3258	-0.0124	16.6492	0.09173
0.3285	-0.0148	16.657	0.09171
0.3313	-0.0173	16.6647	0.09168
0.334	-0.0197	16.6722	0.09166
0.3368	-0.0222	16.6795	0.09163
0.3395	-0.0246	16.6868	0.09161
0.3422	-0.027	16.6939	0.09158
0.345	-0.0293	16.7009	0.09156
0.3477	-0.0317	16.7077	0.09153
0.3504	-0.034	16.7144	0.09151
0.3532	-0.0364	16.721	0.09148
0.3559	-0.0387	16.7274	0.09146
0.3587	-0.041	16.7337	0.09143
0.3614	-0.0433	16.7399	0.09141
0.3641	-0.0455	16.746	0.09139
0.3669	-0.0478	16.7519	0.09136
0.3696	-0.05	16.7577	0.09134
0.3723	-0.0522	16.7634	0.09131
0.3751	-0.0545	16.7689	0.09129
0.3778	-0.0566	16.7743	0.09127
0.3806	-0.0588	16.7797	0.09125
0.3833	-0.061	16.7848	0.09122
0.386	-0.0632	16.7899	0.0912
0.3888	-0.0653	16.7948	0.09118
0.3915	-0.0674	16.7997	0.09116
0.3943	-0.0696	16.8044	0.09113
0.397	-0.0717	16.809	0.09111
0.3997	-0.0737	16.8134	0.09109
0.4025	-0.0758	16.8178	0.09107
0.4052	-0.0779	16.822	0.09104
0.4079	-0.08	16.8262	0.09102
0.4107	-0.082	16.8302	0.091
0.4134	-0.084	16.8341	0.09098
0.4162	-0.086	16.8379	0.09096
0.4189	-0.0881	16.8416	0.090939999999999993
0.4216	-0.0901	16.8452	0.09092
0.4244	-0.092	16.8487	0.0909
0.4271	-0.094	16.8521	0.09088
0.4298	-0.096	16.8554	0.09085
0.4326	-0.0979	16.8586	0.09083
0.4353	-0.0999	16.8617	0.09081
0.4381	-0.1018	16.8648	0.09079
0.4408	-0.1037	16.8677	0.09077
0.4435	-0.1056	16.8705	0.09075
0.4463	-0.1075	16.8732	0.09073
0.449	-0.1094	16.8759	0.09071
0.4517	-0.1113	16.8784	0.09069
0.4545	-0.1132	16.8808	0.09067
0.4572	-0.115	16.8832	0.09065
0.46	-0.1169	16.8854	0.09063
0.4627	-0.1187	16.8876	0.09061
0.4654	-0.1206	16.8897	0.09059
0.4682	-0.1224	16.8917	0.09058
0.4709	-0.1242	16.8936	0.09056
0.4736	-0.126	16.8954	0.09054
0.4764	-0.1278	16.8971	0.09052
0.4791	-0.1296	16.8987	0.0905
0.4819	-0.1314	16.9002	0.09048
0.4846	-0.1331	16.9017	0.09046
0.4873	-0.1349	16.9031	0.09044
0.4901	-0.1366	16.9043	0.09043
0.4928	-0.1384	16.9055	0.09041
0.4956	-0.1401	16.9066	0.09039
0.4983	-0.1418	16.9077	0.09037
0.501	-0.1436	16.9086	0.09035
0.5038	-0.1453	16.9095	0.09033
0.5065	-0.147	16.9102	0.09032
0.5092	-0.1487	16.9109	0.0903
0.512	-0.1503	16.9116	0.09028
0.5147	-0.152	16.9121	0.09026
0.5175	-0.1537	16.9125	0.09024
0.5202	-0.1554	16.9129	0.09023
0.5229	-0.157	16.9132	0.09021
0.5257	-0.1587	16.9135	0.09019
0.5284	-0.1603	16.9136	0.09017
0.5311	-0.1619	16.9137	0.09016
0.5339	-0.1635	16.9137	0.09014
0.5366	-0.1652	16.9136	0.09012
0.5394	-0.1668	16.9135	0.09011
0.5421	-0.1684	16.9133	0.09009
0.5448	-0.17	16.913	0.09007
0.5476	-0.1715	16.9127	0.09006
0.5503	-0.1731	16.9122	0.09004
0.553	-0.1747	16.9118	0.09002
0.5558	-0.1763	16.9112	0.09001
0.5585	-0.1778	16.9106	0.08999
0.5613	-0.1794	16.9099	0.08997
0.564	-0.1809	16.9091	0.08996
0.5667	-0.1824	16.9083	0.08994
0.5695	-0.184	16.9074	0.08992
0.5722	-0.1855	16.9065	0.08991
0.5749	-0.187	16.9055	0.08989
0.5777	-0.1885	16.9044	0.08988
0.5804	-0.19	16.9033	0.08986
0.5832	-0.1915	16.9021	0.08984
0.5859	-0.193	16.9008	0.08983
0.5886	-0.1945	16.8995	0.08981
0.5914	-0.196	16.8981	0.0898
0.5941	-0.1975	16.8967	0.08978
0.5969	-0.1989	16.8952	0.08976
0.5996	-0.2004	16.8937	0.08975
0.6023	-0.2018	16.8921	0.08973
0.6051	-0.2033	16.8905	0.08972
0.6078	-0.2047	16.8888	0.0897
0.6105	-0.2062	16.887	0.08969
0.6133	-0.2076	16.8852	0.08967
0.616	-0.209	16.8834	0.08966
0.6188	-0.2104	16.8814	0.08964
0.6215	-0.2119	16.8795	0.08963
0.6242	-0.2133	16.8775	0.08961
0.627	-0.2147	16.8754	0.0896
0.6297	-0.2161	16.8733	0.08958
0.6324	-0.2175	16.8712	0.08957
0.6352	-0.2188	16.869	0.08955
0.6379	-0.2202	16.8667	0.08954
0.6407	-0.2216	16.8644	0.08952
0.6434	-0.223	16.8621	0.08951
0.6461	-0.2243	16.8597	0.08949
0.6489	-0.2257	16.8572	0.08948
0.6516	-0.227	16.8548	0.08947
0.6543	-0.2284	16.8522	0.08945
0.6571	-0.2297	16.8497	0.08944
0.6598	-0.2311	16.8471	0.08942
0.6626	-0.2324	16.8444	0.08941
0.6653	-0.2337	16.8417	0.08939
0.668	-0.2351	16.839	0.08938
0.6708	-0.2364	16.8362	0.08937
0.6735	-0.2377	16.8334	0.08935
0.6762	-0.239	16.8305	0.08934
0.679	-0.2403	16.8276	0.08932
0.6817	-0.2416	16.8247	0.08931
0.6845	-0.2429	16.8217	0.0893
0.6872	-0.2442	16.8187	0.08928
0.6899	-0.2455	16.8157	0.08927
0.6927	-0.2467	16.8126	0.08926
0.6954	-0.248	16.8095	0.08924
0.6982	-0.2493	16.8063	0.08923
0.7009	-0.2505	16.8031	0.08921
0.7036	-0.2518	16.7999	0.0892
0.7064	-0.2531	16.7967	0.08919
0.7091	-0.2543	16.7934	0.08917
0.7118	-0.2556	16.79	0.08916
0.7146	-0.2568	16.7867	0.08915
0.7173	-0.258	16.7833	0.08913
0.7201	-0.2593	16.7799	0.08912
0.7228	-0.2605	16.7764	0.08911
0.7255	-0.2617	16.773	0.08909
0.7283	-0.263	16.7695	0.08908
0.731	-0.2642	16.7659	0.08907
0.7337	-0.2654	16.7624	0.08906
0.7365	-0.2666	16.7588	0.08904
0.7392	-0.2678	16.7551	0.08903
0.742	-0.269	16.7515	0.08902
0.7447	-0.2702	16.7478	0.089
0.7474	-0.2714	16.7441	0.08899
0.7502	-0.2726	16.7404	0.08898
0.7529	-0.2737	16.7367	0.08897
0.7556	-0.2749	16.7329	0.08895
0.7584	-0.2761	16.7291	0.08894
0.7611	-0.2773	16.7253	0.08893
0.7639	-0.2784	16.7214	0.08892
0.7666	-0.2796	16.7176	0.0889
0.7693	-0.2808	16.7137	0.08889
0.7721	-0.2819	16.7098	0.08888
0.7748	-0.2831	16.7059	0.08887
0.7775	-0.2842	16.7019	0.08885
0.7803	-0.2854	16.698	0.08884
0.783	-0.2865	16.694	0.08883
0.7858	-0.2876	16.69	0.08882
0.7885	-0.2888	16.686	0.08881
0.7912	-0.2899	16.682	0.08879
0.794	-0.291	16.6779	0.08878
0.7967	-0.2922	16.6739	0.08877
0.7995	-0.2933	16.6698	0.08876
0.8022	-0.2944	16.6657	0.08874
0.8049	-0.2955	16.6616	0.08873
0.8077	-0.2966	16.6575	0.08872
0.8104	-0.2977	16.6534	0.08871
0.8131	-0.2988	16.6492	0.0887
0.8159	-0.2999	16.6451	0.08869
0.8186	-0.301	16.6409	0.08867
0.8214	-0.3021	16.6367	0.08866
0.8241	-0.3032	16.6326	0.08865
0.8268	-0.3043	16.6284	0.08864
0.8296	-0.3053	16.6242	0.08863
0.8323	-0.3064	16.62	0.08862
0.835	-0.3075	16.6157	0.0886
0.8378	-0.3086	16.6115	0.08859
0.8405	-0.3096	16.6073	0.08858
0.8433	-0.3107	16.603	0.08857
0.846	-0.3118	16.5988	0.08856
0.8487	-0.3128	16.5945	0.08855
0.8515	-0.3139	16.5903	0.08854
0.8542	-0.3149	16.586	0.08852
0.8569	-0.316	16.5817	0.08851
0.8597	-0.317	16.5774	0.0885
0.86240000000000006	-0.3181	16.5731	0.08849
0.8652	-0.3191	16.5688	0.08848
0.8679	-0.3201	16.5645	0.08847
0.8706	-0.3212	16.5602	0.08846
0.8734	-0.3222	16.5559	0.08845
0.8761	-0.3232	16.5516	0.08843
0.8789	-0.3242	16.5473	0.08842
0.8816	-0.3253	16.543	0.08841
0.8843	-0.3263	16.5387	0.0884
0.8871	-0.3273	16.534300000000002	0.08839
0.8898	-0.3283	16.53	0.08838
0.8925	-0.3293	16.5257	0.08837
0.8953	-0.3303	16.5213	0.08836
0.898	-0.3313	16.517	0.08835
0.9008	-0.3323	16.5127	0.08834
0.9035	-0.3333	16.5083	0.08833
0.9062	-0.3343	16.504	0.08832
0.909	-0.3353	16.4997	0.0883
0.9117	-0.3363	16.4953	0.08829
0.9144	-0.3373	16.491	0.08828
0.9172	-0.3382	16.4867	0.08827
0.9199	-0.3392	16.4823	0.08826
0.9227	-0.3402	16.478	0.08825
0.9254	-0.3412	16.4737	0.08824
0.9281	-0.3421	16.4693	0.08823
0.9309	-0.3431	16.465	0.08822
0.9336	-0.3441	16.4607	0.08821
0.9363	-0.345	16.4563	0.0882
0.9391	-0.346	16.452	0.08819
0.9418	-0.347	16.4477	0.08818
0.9446	-0.3479	16.4434	0.08817
0.9473	-0.3489	16.4391	0.08816
0.95	-0.3498	16.4347	0.08815
0.9528	-0.3508	16.4304	0.08814
0.9555	-0.3517	16.4261	0.08813
0.9582	-0.3526	16.4218	0.08812
0.961	-0.3536	16.4175	0.08811
0.9637	-0.3545	16.4132	0.0881
0.9665	-0.3555	16.4089	0.08809
0.9692	-0.3564	16.4046	0.08808
0.9719	-0.3573	16.4004	0.08807
0.9747	-0.3582	16.3961	0.08806
0.9774	-0.3592	16.3918	0.08805
0.9802	-0.3601	16.3875	0.08804
0.9829	-0.361	16.3833	0.08803
0.9856	-0.3619	16.379	0.08802
0.9884	-0.3628	16.3748	0.08801
0.9911	-0.3638	16.3705	0.088
0.9938	-0.3647	16.3663	0.08799
0.9966	-0.3656	16.3621	0.08798
0.9993	-0.3665	16.3578	0.08797
1.0021	-0.3674	16.3536	0.08796
1.0048	-0.3683	16.3494	0.08795
1.0075	-0.3692	16.3452	0.08794
1.0103	-0.3701	16.341	0.08793
1.013	-0.371	16.3368	0.08792
1.0157	-0.3719	16.3326	0.08791
1.0185	-0.3727	16.3284	0.0879
1.0212	-0.3736	16.3242	0.08789
1.024	-0.3745	16.32	0.08788
1.0267	-0.3754	16.3158	0.08787
1.0294	-0.3763	16.3117	0.08786
1.0322	-0.3772	16.3075	0.08785
1.0349	-0.378	16.3034	0.08784
1.0376	-0.3789	16.2992	0.08783
1.0404	-0.3798	16.2951	0.08782
1.0431	-0.3806	16.291	0.08782
1.0459	-0.3815	16.2868	0.08781
1.0486	-0.3824	16.2827	0.0878
1.0513	-0.3832	16.2786	0.087790000000000007
1.0541	-0.3841	16.2745	0.08778
1.0568	-0.385	16.2704	0.08777
1.0595	-0.3858	16.2663	0.08776
1.0623	-0.3867	16.2622	0.08775
1.065	-0.3875	16.2582	0.08774
1.0678	-0.3884	16.2541	0.08773
1.0705	-0.3892	16.25	0.08772
1.0732	-0.3901	16.246	0.08771
1.076	-0.3909	16.2419	0.0877
1.0787	-0.3917	16.2379	0.08769
1.0815	-0.3926	16.2339	0.08769
1.0842	-0.3934	16.2298	0.08768
1.0869	-0.3943	16.2258	0.08767
1.0897	-0.3951	16.221800000000002	0.08766
1.0924	-0.3959	16.2178	0.08765
1.0951	-0.3968	16.2138	0.08764
1.0979	-0.3976	16.2099	0.08763
1.1006	-0.3984	16.2059	0.08762
1.1034	-0.3992	16.2019	0.08761
1.1061	-0.4001	16.198	0.08761
1.1088	-0.4009	16.194	0.0876
1.1116	-0.4017	16.1901	0.08759
1.1143	-0.4025	16.1862	0.08758
1.117	-0.4033	16.1822	0.08757
1.1198	-0.4041	16.1783	0.08756
1.1225	-0.4049	16.1744	0.08755
1.1253	-0.4057	16.1705	0.08754
1.128	-0.4066	16.1667	0.08753
1.1307	-0.4074	16.1628	0.08753
1.1335	-0.4082	16.1589	0.08752
1.1362	-0.409	16.1551	0.08751
1.1389	-0.4098	16.1512	0.0875
1.1417	-0.4106	16.1474	0.08749
1.1444	-0.4114	16.1435	0.08748
1.1472	-0.4121	16.1397	0.08747
1.1499	-0.4129	16.1359	0.08747
1.1526	-0.4137	16.1321	0.08746
1.1554	-0.4145	16.1283	0.08745
1.1581	-0.4153	16.1245	0.08744
1.1608	-0.4161	16.1207	0.08743
1.1636	-0.4169	16.117	0.08742
1.1663	-0.4176	16.1132	0.08741
1.1691	-0.4184	16.1095	0.08741
1.1718	-0.4192	16.1057	0.0874
1.1745	-0.42	16.102	0.08739
1.1773	-0.4208	16.0983	0.08738
1.18	-0.4215	16.0946	0.08737
1.1828	-0.4223	16.0909	0.08736
1.1855	-0.4231	16.0872	0.08736
1.1882	-0.4238	16.0835	0.08735
1.191	-0.4246	16.0798	0.08734
1.1937	-0.4254	16.0762	0.08733
1.1964	-0.4261	16.0725	0.08732
1.1992	-0.4269	16.0689	0.08731
1.2019	-0.4276	16.0652	0.08731
1.2047	-0.4284	16.0616	0.0873
1.2074	-0.4292	16.058	0.08729
1.2101	-0.4299	16.0544	0.08728
1.2129	-0.4307	16.0508	0.08727
1.2156	-0.4314	16.0472	0.08727
1.2183	-0.4322	16.0436	0.08726
1.2211	-0.4329	16.04	0.08725
1.2238	-0.4337	16.0365	0.08724
1.2266	-0.4344	16.0329	0.08723
1.2293	-0.4351	16.0294	0.08722
1.232	-0.4359	16.0258	0.08722
1.2348	-0.4366	16.0223	0.08721
1.2375	-0.4374	16.0188	0.0872
1.2402	-0.4381	16.0153	0.08719
1.243	-0.4388	16.0118	0.08718
1.2457	-0.4396	16.0083	0.08718
1.2485	-0.4403	16.0048	0.08717
1.2512	-0.441	16.0013	0.08716
1.2539	-0.4418	15.9979	0.08715
1.2567	-0.4425	15.9944	0.08714
1.2594	-0.4432	15.991	0.08714
1.2621	-0.4439	15.9875	0.08713
1.2649	-0.4447	15.9841	0.08712
1.2676	-0.4454	15.9807	0.08711
1.2704	-0.4461	15.9773	0.08711
1.2731	-0.4468	15.9739	0.0871
1.2758	-0.4475	15.9705	0.08709
1.2786	-0.4482	15.9671	0.08708
1.2813	-0.449	15.9638	0.08707
1.2841	-0.4497	15.9604	0.08707
1.2868	-0.4504	15.9571	0.08706
1.2895	-0.4511	15.9537	0.08705
1.2923	-0.4518	15.9504	0.08704
1.295	-0.4525	15.9471	0.08704
1.2977	-0.4532	15.9438	0.08703
1.3005	-0.4539	15.9405	0.08702
1.3032	-0.4546	15.9372	0.08701
1.306	-0.4553	15.9339	0.08701
1.3087	-0.456	15.9307	0.087
1.3114	-0.4567	15.9274	0.08699
1.3142	-0.4574	15.9241	0.08698
1.3169	-0.4581	15.9209	0.08698
1.3196	-0.4588	15.9177	0.08697
1.3224	-0.4595	15.9145	0.08696
1.3251	-0.4602	15.9112	0.08695
1.3279	-0.4609	15.908	0.08695
1.3306	-0.4616	15.9049	0.08694
1.3333	-0.4623	15.9017	0.08693
1.3361	-0.4629	15.8985	0.08692
1.3388	-0.4636	15.8953	0.08692
1.3415	-0.4643	15.8922	0.08691
1.3443	-0.465	15.8891	0.0869
1.347	-0.4657	15.8859	0.08689
1.3498000000000001	-0.4663	15.8828	0.08689
1.3525	-0.467	15.8797	0.08688
1.3552	-0.4677	15.8766	0.08687
1.358	-0.4684	15.8735	0.08686
1.3607	-0.469	15.8704	0.08686
1.3634	-0.4697	15.8673	0.08685
1.3662	-0.4704	15.8643	0.08684
1.3689	-0.4711	15.8612	0.08683
1.3717	-0.4717	15.8582	0.08683
1.3744	-0.4724	15.8552	0.08682
1.3771	-0.4731	15.8521	0.08681
1.3799	-0.4737	15.8491	0.08681
1.3826	-0.4744	15.8461	0.0868
1.3854	-0.4751	15.8431	0.08679
1.3881	-0.4757	15.8401	0.08678
1.3908	-0.4764	15.8372	0.08678
1.3936	-0.477	15.8342	0.08677
1.3963	-0.4777	15.8313	0.08676
1.399	-0.4783	15.8283	0.08676
1.4018	-0.479	15.8254	0.08675
1.4045	-0.4797	15.8224	0.08674
1.4073	-0.4803	15.8195	0.08673
1.41	-0.481	15.8166	0.08673
1.4127	-0.4816	15.8137	0.08672
1.4155	-0.4823	15.8108	0.08671
1.4182	-0.4829	15.808	0.08671
1.4209	-0.4836	15.8051	0.0867
1.4237	-0.4842	15.8022	0.08669
1.4264	-0.4848	15.7994	0.08668
1.4292	-0.4855	15.7965	0.08668
1.4319	-0.4861	15.7937	0.08667
1.4346	-0.4868	15.7909	0.08666
1.4374	-0.4874	15.7881	0.08666
1.4401	-0.488	15.7853	0.08665
1.4428	-0.4887	15.7825	0.08664
1.4456	-0.4893	15.7797	0.08664
1.4483	-0.49	15.7769	0.08663
1.4511	-0.4906	15.7742	0.08662
1.4538	-0.4912	15.7714	0.08662
1.4565	-0.4919	15.7687	0.08661
1.4593	-0.4925	15.7659	0.0866
1.462	-0.4931	15.7632	0.0866
1.4648	-0.49370000000000003	15.7605	0.08659
1.4675	-0.4944	15.7578	0.08658
1.4702	-0.495	15.7551	0.08657
1.473	-0.4956	15.7524	0.08657
1.4757	-0.4962	15.7497	0.08656
1.4784	-0.4969	15.747	0.08655
1.4812	-0.4975	15.7444	0.08655
1.4839	-0.4981	15.7417	0.08654
1.4867	-0.4987	15.7391	0.08653
1.4894	-0.4993	15.7364	0.08653
1.4921	-0.5	15.7338	0.08652
1.4949	-0.5006	15.7312	0.08651
1.4976	-0.5012	15.7286	0.08651
1.5003	-0.5018	15.726	0.0865
1.5031	-0.5024	15.7234	0.08649
1.5058	-0.503	15.7208	0.08649
1.5086	-0.5036	15.7183	0.08648
1.5113	-0.5043	15.7157	0.08647
1.514	-0.5049	15.7132	0.08647
1.5168	-0.5055	15.7106	0.08646
1.5195	-0.5061	15.7081	0.08645
1.5222	-0.5067	15.7056	0.08645
1.525	-0.5073	15.703	0.08644
1.5277	-0.5079	15.7005	0.08643
1.5305	-0.5085	15.698	0.08643
1.5332	-0.5091	15.6956	0.08642
1.5359	-0.5097	15.6931	0.08642
1.5387	-0.5103	15.6906	0.08641
1.5414	-0.5109	15.6882	0.0864
1.5441	-0.5115	15.6857	0.0864
1.5469	-0.5121	15.6833	0.08639
1.5496	-0.5127	15.6808	0.08638
1.5524	-0.5133	15.6784	0.08638
1.5551	-0.5139	15.676	0.08637
1.5578	-0.5145	15.6736	0.08636
1.5606	-0.5151	15.6712	0.08636
1.5633	-0.5156	15.6688	0.08635
1.5661	-0.5162	15.6665	0.08634
1.5688	-0.5168	15.6641	0.08634
1.5715	-0.5174	15.6617	0.08633
1.5743	-0.518	15.6594	0.08632
1.577	-0.5186	15.6571	0.08632
1.5797	-0.5192	15.6547	0.08631
1.5825	-0.5197	15.6524	0.08631
1.5852	-0.5203	15.6501	0.0863
1.588	-0.5209	15.6478	0.08629
1.5907	-0.5215	15.6455	0.08629
1.5934	-0.5221	15.6432	0.08628
1.5962	-0.5226	15.6409	0.08627
1.5989	-0.5232	15.6387	0.08627
1.6016	-0.5238	15.6364	0.08626
1.6044	-0.5244	15.6342	0.08626
1.6071	-0.525	15.6319	0.08625
1.6099	-0.5255	15.6297	0.08624
1.6126	-0.5261	15.6275	0.08624
1.6153	-0.5267	15.6253	0.08623
1.6181	-0.5272	15.6231	0.08622
1.6208	-0.5278	15.6209	0.08622
1.6235	-0.5284	15.6187	0.08621
1.6263	-0.529	15.6165	0.08621
1.629	-0.5295	15.6144	0.0862
1.6318	-0.5301	15.6122	0.08619
1.6345	-0.5307	15.61	0.08619
1.6372	-0.5312	15.6079	0.08618
1.64	-0.5318	15.6058	0.08618
1.6427	-0.5323	15.6037	0.08617
1.6454	-0.5329	15.6015	0.08616
1.6482	-0.5335	15.5994	0.08616
1.6509	-0.534	15.5973	0.08615
1.6537	-0.5346	15.5953	0.08614
1.6564	-0.5351	15.5932	0.08614
1.6591	-0.5357	15.5911	0.08613
1.6619	-0.5363	15.589	0.08613
1.6646	-0.5368	15.587	0.08612
1.6674	-0.5374	15.585	0.08611
1.6701	-0.5379	15.5829	0.08611
1.6728	-0.5385	15.5809	0.0861
1.6756	-0.539	15.5789	0.0861
1.6783	-0.5396	15.5769	0.08609
1.681	-0.5401	15.5749	0.08608
1.6838	-0.5407	15.5729	0.08608
1.6865	-0.5412	15.5709	0.08607
1.6893	-0.5418	15.569	0.08607
1.692	-0.5423	15.567	0.08606
1.6947	-0.5429	15.5651	0.08605
1.6975	-0.5434	15.5631	0.08605
1.7002	-0.544	15.5612	0.08604
1.7029	-0.5445	15.5593	0.08604
1.7057	-0.5451	15.5574	0.08603
1.7084	-0.5456	15.5555	0.08603
1.7112	-0.5461	15.5536	0.08602
1.7139	-0.5467	15.5517	0.08601
1.7166	-0.5472	15.5498	0.08601
1.7194	-0.5478	15.548	0.086
1.7221	-0.5483	15.5461	0.086
1.7248000000000001	-0.5488	15.5443	0.08599
1.7276	-0.5494	15.5424	0.08598
1.7303	-0.54990000000000006	15.5406	0.08598
1.7331	-0.5504	15.5388	0.08597
1.7358	-0.551	15.537	0.08597
1.7385	-0.5515	15.5352	0.08596
1.7413	-0.552	15.5334	0.08596
1.744	-0.5526	15.5316	0.08595
1.7467	-0.5531	15.5299	0.08594
1.7495	-0.5536	15.5281	0.08594
1.7522	-0.5542	15.5263	0.08593
1.755	-0.5547	15.5246	0.08593
1.7577	-0.5552	15.5229	0.08592
1.7604	-0.5557	15.5212	0.08591
1.7632	-0.5563	15.5194	0.08591
1.7659	-0.5568	15.5177	0.0859
1.7687	-0.5573	15.5161	0.0859
1.7714	-0.5578	15.5144	0.08589
1.7741	-0.5584	15.5127	0.08589
1.7769	-0.5589	15.511	0.08588
1.7796	-0.5594	15.5094	0.08587
1.7823	-0.5599	15.5077	0.08587
1.7851	-0.5605	15.5061	0.08586
1.7878	-0.561	15.5045	0.08586
1.7906	-0.5615	15.5028	0.08585
1.7933	-0.562	15.5012	0.08585
1.796	-0.5625	15.4996	0.08584
1.7988	-0.563	15.498	0.08584
1.8015	-0.5636	15.4965	0.08583
1.8042	-0.5641	15.4949	0.08582
1.807	-0.5646	15.4933	0.08582
1.8097	-0.5651	15.4918	0.08581
1.8125	-0.5656	15.4902	0.08581
1.8152	-0.5661	15.4887	0.0858
1.8179	-0.5666	15.4872	0.0858
1.8207	-0.5672	15.4856	0.08579
1.8234	-0.5677	15.4841	0.08579
1.8261	-0.5682	15.4826	0.08578
1.8289	-0.5687	15.4811	0.08577
1.8316	-0.5692	15.4797	0.08577
1.8344	-0.5697	15.4782	0.08576
1.8371	-0.5702	15.4767	0.08576
1.8398	-0.5707	15.4753	0.08575
1.8426	-0.5712	15.4738	0.08575
1.8453	-0.5717	15.4724	0.08574
1.848	-0.5722	15.471	0.08574
1.8508	-0.5727	15.4695	0.08573
1.8535	-0.5732	15.4681	0.08573
1.8563	-0.5737	15.4667	0.08572
1.859	-0.5742	15.4653	0.08571
1.8617	-0.5747	15.4639	0.08571
1.8645	-0.5752	15.4626	0.0857
1.8672	-0.5757	15.4612	0.0857
1.87	-0.5762	15.4598	0.08569
1.8727	-0.5767	15.4585	0.08569
1.8754	-0.5772	15.4572	0.08568
1.8782	-0.5777	15.4558	0.08568
1.8809	-0.5782	15.4545	0.08567
1.8836	-0.5787	15.4532	0.08567
1.8864	-0.5792	15.4519	0.08566
1.8891	-0.5797	15.4506	0.08565
1.8919	-0.5802	15.4493	0.08565
1.8946	-0.5807	15.448	0.08564
1.8973	-0.5812	15.4467	0.08564
1.9001	-0.5817	15.4455	0.08563
1.9028	-0.5821	15.4442	0.08563
1.9055	-0.5826	15.443	0.08562
1.9083	-0.5831	15.4417	0.08562
1.911	-0.5836	15.4405	0.08561
1.9138	-0.5841	15.4393	0.08561
1.9165	-0.5846	15.4381	0.0856
1.9192	-0.5851	15.4368	0.0856
1.922	-0.5855	15.4356	0.08559
1.9247	-0.586	15.4345	0.08559
1.9274	-0.5865	15.4333	0.08558
1.9302	-0.587	15.4321	0.08558
1.9329	-0.5875	15.4309	0.08557
1.9357	-0.588	15.4298	0.08556
1.9384	-0.5884	15.4286	0.08556
1.9411	-0.5889	15.4275	0.08555
1.9439	-0.5894	15.4263	0.08555
1.9466	-0.5899	15.4252	0.08554
1.9493	-0.5904	15.4241	0.08554
1.9521	-0.5908	15.423	0.08553
1.9548	-0.5913	15.4219	0.08553
1.9576	-0.5918	15.4208	0.08552
1.9603	-0.5923	15.4197	0.08552
1.963	-0.5927	15.4186	0.08551
1.9658	-0.5932	15.4175	0.08551
1.9685	-0.5937	15.4164	0.0855
1.9713	-0.5942	15.4154	0.0855
1.974	-0.5946	15.4143	0.08549
1.9767	-0.5951	15.4133	0.08549
1.9795	-0.5956	15.4122	0.08548
1.9822	-0.5961	15.4112	0.08548
1.9849	-0.5965	15.4102	0.08547
1.9877	-0.597	15.4092	0.08547
1.9904	-0.5975	15.4082	0.08546
1.9932	-0.5979	15.4072	0.08546
1.9959	-0.5984	15.4062	0.08545
1.9986	-0.5989	15.4052	0.08545
2.0014	-0.5684	15.6881	0.08454
2.0041	-0.5684	15.6871	0.08454
2.0068	-0.5684	15.6861	0.08454
2.0096	-0.5684	15.6851	0.08454
2.0123	-0.5684	15.6841	0.08454
2.0151	-0.5684	15.6831	0.08454
2.0178	-0.5684	15.6822	0.08454
2.0205	-0.5684	15.6812	0.08454
2.0233	-0.5684	15.6802	0.08454
2.026	-0.5684	15.6792	0.08454
2.0287	-0.5684	15.6782	0.08454
2.0315	-0.5684	15.6772	0.08454
2.0342	-0.5684	15.6763	0.08454
2.037	-0.5684	15.6753	0.08454
2.0397	-0.5684	15.6743	0.08453
2.0424	-0.5684	15.6733	0.08453
2.0452	-0.5684	15.6724	0.08453
2.0479	-0.5684	15.6714	0.08453
2.0507	-0.5684	15.6704	0.08453
2.0534	-0.5684	15.6695	0.08453
2.0561	-0.5684	15.6685	0.08453
2.0589	-0.5684	15.6675	0.08453
2.0616	-0.5684	15.6666	0.08453
2.0643	-0.5684	15.6656	0.08453
2.0671	-0.5684	15.6646	0.08453
2.0698	-0.5684	15.6637	0.08453
2.0726	-0.5684	15.6627	0.08452
2.0753	-0.5684	15.6618	0.08452
2.078	-0.5684	15.6608	0.08452
2.0808	-0.5684	15.6599	0.08452
2.0835	-0.5684	15.6589	0.08452
2.0862	-0.5684	15.658	0.08452
2.089	-0.5684	15.657	0.08452
2.0917	-0.5684	15.6561	0.08452
2.0945	-0.5684	15.6551	0.08452
2.0972	-0.5684	15.6542	0.08452
2.0999	-0.5684	15.6532	0.08451
2.1027	-0.5684	15.6523	0.08451
2.1054	-0.5684	15.6514	0.08451
2.1081	-0.5684	15.6504	0.08451
2.1109	-0.5684	15.6495	0.08451
2.1136	-0.5684	15.6486	0.08451
2.1164	-0.5684	15.6476	0.08451
2.1191	-0.5684	15.6467	0.08451
2.1218	-0.5684	15.6458	0.08451
2.1246	-0.5684	15.6448	0.08451
2.1273	-0.5684	15.6439	0.08451
2.13	-0.5684	15.643	0.0845
2.1328	-0.5684	15.6421	0.0845
2.1355	-0.5684	15.6411	0.0845
2.1383	-0.5684	15.6402	0.0845
2.141	-0.5684	15.6393	0.0845
2.1437	-0.5684	15.6384	0.0845
2.1465	-0.5684	15.6375	0.0845
2.1492	-0.5684	15.6366	0.0845
2.152	-0.5684	15.6356	0.0845
2.1547	-0.5684	15.6347	0.0845
2.1574	-0.5684	15.6338	0.08449
2.1602	-0.5684	15.6329	0.08449
2.1629	-0.5684	15.632	0.08449
2.1656	-0.5684	15.6311	0.08449
2.1684	-0.5684	15.6302	0.08449
2.1711	-0.5684	15.6293	0.08449
2.1739	-0.5684	15.6284	0.08449
2.1766	-0.5684	15.6275	0.08449
2.1793	-0.5684	15.6266	0.08449
2.1821	-0.5684	15.6257	0.08449
2.1848	-0.5684	15.6248	0.08448
2.1875	-0.5684	15.6239	0.08448
2.1903	-0.5684	15.623	0.08448
2.193	-0.5684	15.6221	0.08448
2.1958	-0.5684	15.6212	0.08448
2.1985	-0.5684	15.6203	0.08448
2.2012	-0.5684	15.6194	0.08448
2.204	-0.5684	15.6185	0.08448
2.2067	-0.5684	15.6176	0.08448
2.2094	-0.5684	15.6168	0.08448
2.2122	-0.5684	15.6159	0.08447
2.2149	-0.5684	15.615	0.08447
2.2177	-0.5684	15.6141	0.08447
2.2204	-0.5684	15.6132	0.08447
2.2231	-0.5684	15.6123	0.08447
2.2259	-0.5684	15.6115	0.08447
2.2286	-0.5684	15.6106	0.08447
2.2313	-0.5684	15.6097	0.08447
2.2341	-0.5684	15.6088	0.08447
2.2368	-0.5684	15.6079	0.08447
2.2396	-0.5684	15.6071	0.08447
2.2423	-0.5684	15.6062	0.08447
2.245	-0.5684	15.6053	0.08446
2.2478	-0.5684	15.6044	0.08446
2.2505	-0.5684	15.6036	0.08446
2.2533	-0.5684	15.6027	0.08446
2.256	-0.5684	15.6018	0.08446
2.2587	-0.5684	15.601	0.08446
2.2615	-0.5684	15.6001	0.08446
2.2642	-0.5684	15.5992	0.08446
2.2669	-0.5684	15.5984	0.08446
2.2697	-0.5684	15.5975	0.08446
2.2724	-0.5684	15.5966	0.08446
2.2752	-0.5684	15.5958	0.08446
2.2779	-0.5684	15.5949	0.08445
2.2806	-0.5684	15.5941	0.08445
2.2834	-0.5684	15.5932	0.08445
2.2861	-0.5684	15.5923	0.08445
2.2888	-0.5684	15.5915	0.08445
2.2916	-0.5684	15.5906	0.08445
2.2943	-0.5684	15.5898	0.08445
2.2971	-0.5684	15.5889	0.08445
2.2998	-0.5684	15.5881	0.08445
2.3025	-0.5684	15.5872	0.08445
2.3053	-0.5684	15.5863	0.08445
2.308	-0.5684	15.5855	0.08445
2.3107	-0.5684	15.5846	0.08445
2.3135	-0.5684	15.5838	0.08445
2.3162	-0.5684	15.5829	0.08444
2.319	-0.5684	15.5821	0.08444
2.3217	-0.5684	15.5812	0.08444
2.3244	-0.5684	15.5804	0.08444
2.3272	-0.5684	15.5796	0.08444
2.3299	-0.5684	15.5787	0.08444
2.3326	-0.5684	15.5779	0.08444
2.3354	-0.5684	15.577	0.08444
2.3381	-0.5684	15.5762	0.08444
2.3409	-0.5684	15.5753	0.08444
2.3436	-0.5684	15.5745	0.08444
2.3463	-0.5684	15.5737	0.08444
2.3491	-0.5684	15.5728	0.08444
2.3518	-0.5684	15.572	0.08444
2.3546	-0.5684	15.5711	0.08444
2.3573	-0.5684	15.5703	0.08444
2.36	-0.5684	15.5695	0.08444
2.3628	-0.5684	15.5686	0.08444
2.3655	-0.5684	15.5678	0.08443
2.3682	-0.5684	15.567	0.08443
2.371	-0.5684	15.5661	0.08443
2.3737	-0.5684	15.5653	0.08443
2.3765	-0.5684	15.5645	0.08443
2.3792	-0.5684	15.5636	0.08443
2.3819	-0.5684	15.5628	0.08443
2.3847	-0.5684	15.562	0.08443
2.3874	-0.5684	15.5611	0.08443
2.3901	-0.5684	15.5603	0.08443
2.3929	-0.5684	15.5595	0.08443
2.3956	-0.5684	15.5587	0.08443
2.3984	-0.5684	15.5578	0.08443
2.4011	-0.5684	15.557	0.08443
2.4038	-0.5684	15.5562	0.08443
2.4066	-0.5684	15.5554	0.08443
2.4093	-0.5684	15.5545	0.08443
2.412	-0.5684	15.5537	0.08443
2.4148	-0.5684	15.5529	0.08443
2.4175	-0.5684	15.5521	0.08443
2.4203	-0.5684	15.5513	0.08443
2.423	-0.5684	15.5504	0.08443
2.4257	-0.5684	15.5496	0.08443
2.4285	-0.5684	15.5488	0.08443
2.4312	-0.5684	15.548	0.08443
2.4339	-0.5684	15.5472	0.08443
2.4367	-0.5684	15.5463	0.08443
2.4394	-0.5684	15.5455	0.08443
2.4422	-0.5684	15.5447	0.08443
2.4449	-0.5684	15.5439	0.08443
2.4476	-0.5684	15.5431	0.08443
2.4504	-0.5684	15.5423	0.08443
2.4531	-0.5684	15.5414	0.08443
2.4559	-0.5684	15.5406	0.08443
2.4586	-0.5684	15.5398	0.08443
2.4613	-0.5684	15.539	0.08443
2.4641	-0.5684	15.5382	0.08443
2.4668	-0.5684	15.5374	0.08443
2.4695	-0.5684	15.5366	0.08443
2.4723	-0.5684	15.5358	0.08443
2.475	-0.5684	15.535	0.08443
2.4778	-0.5684	15.5341	0.08443
2.4805	-0.5684	15.5333	0.08443
2.4832	-0.5684	15.5325	0.08443
2.486	-0.5684	15.5317	0.08444
2.4887	-0.5684	15.5309	0.08444
2.4914	-0.5684	15.5301	0.08444
2.4942	-0.5684	15.5293	0.08444
2.4969	-0.5684	15.5285	0.08444
2.4997	-0.5684	15.5277	0.08444
2.5024	-0.5684	15.5269	0.08444
2.5051	-0.5684	15.5261	0.08444
2.5079	-0.5684	15.5253	0.08444
2.5106	-0.5684	15.5245	0.08444
2.5133	-0.5684	15.5237	0.08444
2.5161	-0.5684	15.5229	0.08444
2.5188	-0.5684	15.5221	0.08444
2.5216	-0.5684	15.5213	0.08445
2.5243	-0.5684	15.5205	0.08445
2.527	-0.5684	15.5197	0.08445
2.5298	-0.5684	15.5189	0.08445
2.5325	-0.5684	15.5181	0.08445
2.5352	-0.5684	15.5173	0.08445
2.538	-0.5684	15.5165	0.08445
2.5407	-0.5684	15.5157	0.08445
2.5435	-0.5684	15.5149	0.08445
2.5462	-0.5684	15.5141	0.08446
2.5489	-0.5684	15.5133	0.08446
2.5517	-0.5684	15.5125	0.08446
2.5544	-0.5684	15.5117	0.08446
2.5572	-0.5684	15.5109	0.08446
2.5599	-0.5684	15.5101	0.08446
2.5626	-0.5684	15.5093	0.08446
2.5654	-0.5684	15.5086	0.08447
2.5681	-0.5684	15.5078	0.08447
2.5708	-0.5684	15.507	0.08447
2.5736	-0.5684	15.5062	0.08447
2.5763	-0.5684	15.5054	0.08447
2.5791	-0.5684	15.5046	0.08447
2.5818	-0.5684	15.5038	0.08448
2.5845	-0.5684	15.503	0.08448
2.5873	-0.5684	15.5023	0.08448
2.59	-0.5684	15.5015	0.08448
2.5927	-0.5684	15.5007	0.08448
2.5955	-0.5684	15.4999	0.08448
2.5982	-0.5684	15.4991	0.08449
2.601	-0.5684	15.4983	0.08449
2.6037	-0.5684	15.4976	0.08449
2.6064	-0.5684	15.4968	0.08449
2.6092	-0.5684	15.496	0.0845
2.6119	-0.5684	15.4952	0.0845
2.6146	-0.5684	15.4944	0.0845
2.6174	-0.5684	15.4937	0.0845
2.6201	-0.5684	15.4929	0.0845
2.6229	-0.5684	15.4921	0.08451
2.6256	-0.5684	15.4913	0.08451
2.6283	-0.5684	15.4906	0.08451
2.6311	-0.5684	15.4898	0.08451
2.6338	-0.5684	15.489	0.08452
2.6366	-0.5684	15.4883	0.08452
2.6393	-0.5684	15.4875	0.08452
2.642	-0.5684	15.4867	0.08452
2.6448	-0.5684	15.485900000000001	0.08453
2.6475	-0.5684	15.4852	0.08453
2.6502	-0.5684	15.4844	0.08453
2.653	-0.5684	15.4836	0.08454
2.6557	-0.5684	15.4829	0.08454
2.6585	-0.5684	15.4821	0.08454
2.6612	-0.5684	15.4814	0.08455
2.6639	-0.5684	15.4806	0.08455
2.6667	-0.5684	15.4798	0.08455
2.6694	-0.5684	15.4791	0.08455
2.6721	-0.5684	15.4783	0.08456
2.6749	-0.5684	15.4776	0.08456
2.6776	-0.5684	15.4768	0.08456
2.6804	-0.5684	15.476	0.08457
2.6831	-0.5684	15.4753	0.08457
2.6858	-0.5684	15.4745	0.08457
2.6886	-0.5684	15.4738	0.08458
2.6913	-0.5684	15.473	0.08458
2.694	-0.5684	15.4723	0.08459
2.6968	-0.5684	15.4715	0.08459
2.6995	-0.5684	15.4708	0.08459
2.7023	-0.5684	15.47	0.0846
2.705	-0.5684	15.4693	0.0846
2.7077	-0.5684	15.4685	0.0846
2.7105	-0.5684	15.4678	0.08461
2.7132	-0.5684	15.467	0.08461
2.7159	-0.5684	15.4663	0.08462
2.7187	-0.5684	15.4656	0.08462
2.7214	-0.5684	15.4648	0.08462
2.7242	-0.5684	15.4641	0.08463
2.7269	-0.5684	15.4633	0.08463
2.7296	-0.5684	15.4626	0.08464
2.7324	-0.5684	15.4619	0.08464
2.7351	-0.5684	15.4611	0.08465
2.7379	-0.5684	15.4604	0.08465
2.7406	-0.5684	15.4597	0.08465
2.7433	-0.5684	15.4589	0.08466
2.7461	-0.5684	15.4582	0.08466
2.7488	-0.5684	15.4575	0.08467
2.7515	-0.5684	15.4568	0.08467
2.7543	-0.5684	15.456	0.08468
2.757	-0.5684	15.4553	0.08468
2.7598	-0.5684	15.4546	0.08469
2.7625	-0.5684	15.4539	0.08469
2.7652	-0.5684	15.4531	0.0847
2.768	-0.5684	15.4524	0.0847
2.7707	-0.5684	15.4517	0.08471
2.7734	-0.5684	15.451	0.08471
2.7762	-0.5684	15.4503	0.08472
2.7789	-0.5684	15.4495	0.08472
2.7817	-0.5684	15.4488	0.08473
2.7844	-0.5684	15.4481	0.08473
2.7871	-0.5684	15.4474	0.08474
2.7899	-0.5684	15.4467	0.08474
2.7926	-0.5684	15.446	0.08475
2.7953	-0.5684	15.4453	0.08476
2.7981	-0.5684	15.4446	0.08476
2.8008	-0.5684	15.4439	0.08477
2.8036	-0.5684	15.4432	0.08477
2.8063	-0.5684	15.4425	0.08478
2.809	-0.5684	15.4418	0.08478
2.8118	-0.5684	15.4411	0.08479
2.8145	-0.5684	15.4404	0.0848
2.8172	-0.5684	15.4397	0.0848
2.82	-0.5684	15.439	0.08481
2.8227	-0.5684	15.4383	0.08482
2.8255	-0.5684	15.4376	0.08482
2.8282	-0.5684	15.4369	0.08483
2.8309	-0.5684	15.4362	0.08483
2.8337	-0.5684	15.4355	0.08484
2.8364	-0.5684	15.4349	0.08485
2.8392	-0.5684	15.4342	0.08485
2.8419	-0.5684	15.4335	0.08486
2.8446	-0.5684	15.4328	0.08487
2.8474	-0.5684	15.4321	0.08487
2.8501	-0.5684	15.4315	0.08488
2.8528	-0.5684	15.4308	0.08489
2.8556	-0.5684	15.4301	0.08489
2.8583	-0.5684	15.4294	0.0849
2.8611	-0.5684	15.4288	0.08491
2.8638	-0.5684	15.4281	0.08492
2.8665	-0.5684	15.4274	0.08492
2.8693	-0.5684	15.4268	0.08493
2.872	-0.5684	15.4261	0.08494
2.8747	-0.5684	15.4254	0.08494
2.8775	-0.5684	15.4248	0.08495
2.8802	-0.5684	15.4241	0.08496
2.883	-0.5684	15.423400000000001	0.08497
2.8857	-0.5684	15.4228	0.08497
2.8884	-0.5684	15.4221	0.08498
2.8912	-0.5684	15.4215	0.08499
2.8939	-0.5684	15.4208	0.085
2.8966	-0.5684	15.4202	0.08501
2.8994	-0.5684	15.4195	0.08501
2.9021	-0.5684	15.4189	0.08502
2.9049	-0.5684	15.4182	0.08503
2.9076	-0.5684	15.4176	0.08504
2.9103	-0.5684	15.4169	0.08505
2.9131	-0.5684	15.4163	0.08505
2.9158	-0.5684	15.4157	0.08506
2.9185	-0.5684	15.415	0.08507
2.9213	-0.5684	15.4144	0.08508
2.924	-0.5684	15.4137	0.08509
2.9268	-0.5684	15.4131	0.0851
2.9295	-0.5684	15.4125	0.0851
2.9322	-0.5684	15.4119	0.08511
2.935	-0.5684	15.4112	0.08512
2.9377	-0.5684	15.4106	0.08513
2.9405	-0.5684	15.41	0.08514
2.9432	-0.5684	15.4093	0.08515
2.9459	-0.5684	15.4087	0.08516
2.9487	-0.5684	15.4081	0.08517
2.9514	-0.5684	15.4075	0.08517
2.9541	-0.5684	15.4069	0.08518
2.9569	-0.5684	15.4063	0.08519
2.9596	-0.5684	15.4056	0.0852
2.9624	-0.5684	15.405	0.08521
2.9651	-0.5684	15.4044	0.08522
2.9678	-0.5684	15.4038	0.08523
2.9706	-0.5684	15.4032	0.08524
2.9733	-0.5684	15.4026	0.08525
2.976	-0.5684	15.402	0.08526
2.9788	-0.5684	15.4014	0.08527
2.9815	-0.5684	15.4008	0.08528
2.9843	-0.5684	15.4002	0.08529
2.987	-0.5684	15.3996	0.0853
2.9897	-0.5684	15.399	0.08531
2.9925	-0.5684	15.3984	0.085319999999999993
2.9952	-0.5684	15.3978	0.08533
2.9979	-0.5684	15.3972	0.08534
3.0007	-0.5684	15.3966	0.08535
3.0034	-0.5684	15.396	0.08536
3.0062	-0.5684	15.3954	0.08537
3.0089	-0.5684	15.3949	0.08538
3.0116	-0.5684	15.3943	0.08539
3.0144	-0.5684	15.3937	0.0854
3.0171	-0.5684	15.3931	0.08541
3.0198	-0.5684	15.3925	0.08542
3.0226	-0.5684	15.392	0.08543
3.0253	-0.5684	15.3914	0.08544
3.0281	-0.5684	15.3908	0.08545
3.0308	-0.5684	15.3902	0.08547
3.0335	-0.5684	15.3897	0.08548
3.0363	-0.5684	15.3891	0.08549
3.039	-0.5684	15.3885	0.0855
3.0418	-0.5684	15.388	0.08551
3.0445	-0.5684	15.3874	0.08552
3.0472	-0.5684	15.3868	0.08553
3.05	-0.5684	15.3863	0.08554
3.0527	-0.5684	15.3857	0.08556
3.0554	-0.5684	15.3852	0.08557
3.0582	-0.5684	15.3846	0.08558
3.0609	-0.5684	15.384	0.08559
3.0637	-0.5684	15.3835	0.0856
3.0664	-0.5684	15.3829	0.08561
3.0691	-0.5684	15.3824	0.08563
3.0719	-0.5684	15.3818	0.08564
3.0746000000000002	-0.5684	15.3813	0.08565
3.0773	-0.5684	15.3808	0.08566
3.0801	-0.5684	15.3802	0.08567
3.0828	-0.5684	15.3797	0.08569
3.0856	-0.5684	15.3791	0.0857
3.0883	-0.5684	15.3786	0.08571
3.091	-0.5684	15.378	0.08572
3.0938	-0.5684	15.3775	0.08574
3.0965	-0.5684	15.377	0.08575
3.0992	-0.5684	15.3764	0.08576
3.102	-0.5684	15.3759	0.08577
3.1047	-0.5684	15.3754	0.08579
3.1075	-0.5684	15.3748	0.0858
3.1102	-0.5684	15.3743	0.08581
3.1129	-0.5684	15.3738	0.08582
3.1157	-0.5684	15.3733	0.08584
3.1184	-0.5684	15.3727	0.08585
3.1211	-0.5684	15.3722	0.08586
3.1239	-0.5684	15.3717	0.08588
3.1266	-0.5684	15.3712	0.08589
3.1294	-0.5684	15.3707	0.0859
3.1321	-0.5684	15.3702	0.08592
3.1348	-0.5684	15.3696	0.08593
3.1376	-0.5684	15.3691	0.08594
3.1403	-0.5684	15.3686	0.08596
3.1431	-0.5684	15.3681	0.08597
3.1458	-0.5684	15.3676	0.08598
3.1485	-0.5684	15.3671	0.086
3.1513	-0.5684	15.3666	0.08601
3.154	-0.5684	15.3661	0.08602
3.1567	-0.5684	15.3656	0.08604
3.1595	-0.5684	15.3651	0.08605
3.1622	-0.5684	15.3646	0.08606
3.165	-0.5684	15.3641	0.08608
3.1677	-0.5684	15.3636	0.08609
3.1704	-0.5684	15.3631	0.08611
3.1732	-0.5684	15.3626	0.08612
3.1759	-0.5684	15.3621	0.08614
3.1786	-0.5684	15.3616	0.08615
3.1814	-0.5684	15.3611	0.08616
3.1841	-0.5684	15.3606	0.08618
3.1869	-0.5684	15.3601	0.08619
3.1896	-0.5684	15.3597	0.08621
3.1923	-0.5684	15.3592	0.08622
3.1951	-0.5684	15.3587	0.08624
3.1978	-0.5684	15.3582	0.08625
3.2005	-0.5684	15.3577	0.08627
3.2033	-0.5684	15.3572	0.08628
3.206	-0.5684	15.3568	0.08629
3.2088	-0.5684	15.3563	0.08631
3.2115	-0.5684	15.3558	0.08632
3.2142	-0.5684	15.3553	0.08634
3.217	-0.5684	15.3549	0.08635
3.2197	-0.5684	15.3544	0.08637
3.2225	-0.5684	15.3539	0.08638
3.2252	-0.5684	15.3535	0.0864
3.2279	-0.5684	15.353	0.08641
3.2307	-0.5684	15.3525	0.08643
3.2334	-0.5684	15.3521	0.08645
3.2361	-0.5684	15.3516	0.08646
3.2389	-0.5684	15.3511	0.08648
3.2416	-0.5684	15.3507	0.08649
3.2444	-0.5684	15.3502	0.08651
3.2471	-0.5684	15.3497	0.08652
3.2498	-0.5684	15.3493	0.08654
3.2526	-0.5684	15.3488	0.08655
3.2553	-0.5684	15.3484	0.08657
3.258	-0.5684	15.3479	0.08659
3.2608	-0.5684	15.3475	0.0866
3.2635	-0.5684	15.347	0.08662
3.2663	-0.5684	15.3465	0.08663
3.269	-0.5684	15.3461	0.08665
3.2717	-0.5684	15.3456	0.08666
3.2745	-0.5684	15.3452	0.08668
3.2772	-0.5684	15.3448	0.0867
3.2799	-0.5684	15.3443	0.08671
3.2827	-0.5684	15.3439	0.08673
3.2854	-0.5684	15.3434	0.08675
3.2882	-0.5684	15.343	0.08676
3.2909	-0.5684	15.3425	0.08678
3.2936	-0.5684	15.3421	0.08679
3.2964	-0.5684	15.3416	0.08681
3.2991	-0.5684	15.3412	0.08683
3.3018	-0.5684	15.3408	0.08684
3.3046	-0.5684	15.3403	0.08686
3.3073	-0.5684	15.3399	0.08688
3.3101	-0.5684	15.3395	0.08689
3.3128	-0.5684	15.339	0.08691
3.3155	-0.5684	15.3386	0.08693
3.3183	-0.5684	15.3382	0.08694
3.321	-0.5684	15.3377	0.08696
3.3238	-0.5684	15.3373	0.08698
3.3265	-0.5684	15.3369	0.08699
3.3292	-0.5684	15.3364	0.08701
3.332	-0.5684	15.336	0.08703
3.3347	-0.5684	15.3356	0.08704
3.3374	-0.5684	15.3352	0.08706
3.3402	-0.5684	15.3347	0.08708
3.3429	-0.5684	15.3343	0.0871
3.3457	-0.5684	15.3339	0.08711
3.3484	-0.5684	15.3335	0.08713
3.3511	-0.5684	15.3331	0.08715
3.3539	-0.5684	15.3326	0.08716
3.3566	-0.5684	15.3322	0.08718
3.3593	-0.5684	15.3318	0.0872
3.3621	-0.5684	15.3314	0.08722
3.3648	-0.5684	15.331	0.08723
3.3676	-0.5684	15.3306	0.08725
3.3703	-0.5684	15.3301	0.08727
3.373	-0.5684	15.3297	0.08729
3.3758	-0.5684	15.3293	0.0873
3.3785	-0.5684	15.3289	0.08732
3.3812	-0.5684	15.3285	0.08734
3.384	-0.5684	15.3281	0.08736
3.3867	-0.5684	15.3277	0.08737
3.3895	-0.5684	15.3273	0.08739
3.3922	-0.5684	15.3269	0.08741
3.3949	-0.5684	15.3265	0.08743
3.3977	-0.5684	15.3261	0.08745
3.4004	-0.5684	15.3257	0.08746
3.4031	-0.5684	15.3252	0.08748
3.4059	-0.5684	15.3248	0.0875
3.4086	-0.5684	15.3244	0.08752
3.4114	-0.5684	15.324	0.08753
3.4141	-0.5684	15.3236	0.08755
3.4168	-0.5684	15.3233	0.08757
3.4196	-0.5684	15.3229	0.08759
3.4223	-0.5684	15.3225	0.08761
3.4251	-0.5684	15.3221	0.08763
3.4278	-0.5684	15.3217	0.08764
3.4305	-0.5684	15.3213	0.08766
3.4333	-0.5684	15.3209	0.08768
3.436	-0.5684	15.3205	0.0877
3.4387	-0.5684	15.3201	0.08772
3.4415	-0.5684	15.3197	0.08773
3.4442	-0.5684	15.3193	0.08775
3.447	-0.5684	15.3189	0.08777
3.4497	-0.5684	15.3185	0.087790000000000007
3.4524	-0.5684	15.3182	0.08781
3.4552	-0.5684	15.3178	0.08783
3.4579	-0.5684	15.3174	0.08785
3.4606	-0.5684	15.317	0.08786
3.4634	-0.5684	15.3166	0.08788
3.4661	-0.5684	15.3162	0.0879
3.4689	-0.5684	15.3159	0.08792
3.4716	-0.5684	15.3155	0.08794
3.4743	-0.5684	15.3151	0.08796
3.4771	-0.5684	15.3147	0.08798
3.4798	-0.5684	15.3143	0.08799
3.4825	-0.5684	15.314	0.08801
3.4853	-0.5684	15.3136	0.08803
3.488	-0.5684	15.3132	0.08805
3.4908	-0.5684	15.3128	0.08807
3.4935	-0.5684	15.3125	0.08809
3.4962	-0.5684	15.3121	0.08811
3.499	-0.5684	15.3117	0.08813
3.5017	-0.5684	15.3114	0.08814
3.5044	-0.5684	15.311	0.08816
3.5072	-0.5684	15.3106	0.08818
3.5099	-0.5684	15.3102	0.0882
3.5127	-0.5684	15.3099	0.08822
3.5154	-0.5684	15.3095	0.08824
3.5181	-0.5684	15.3091	0.08826
3.5209	-0.5684	15.3088	0.08828
3.5236	-0.5684	15.3084	0.0883
3.5264	-0.5684	15.308	0.08832
3.5291	-0.5684	15.3077	0.08833
3.5318	-0.5684	15.3073	0.08835
3.5346	-0.5684	15.307	0.08837
3.5373	-0.5684	15.3066	0.08839
3.54	-0.5684	15.3062	0.08841
3.5428	-0.5684	15.3059	0.08843
3.5455	-0.5684	15.3055	0.08845
3.5483	-0.5684	15.3052	0.08847
3.551	-0.5684	15.3048	0.08849
3.5537	-0.5684	15.3044	0.08851
3.5565	-0.5684	15.3041	0.08853
3.5592	-0.5684	15.3037	0.08855
3.5619	-0.5684	15.3034	0.08857
3.5647	-0.5684	15.303	0.08859
3.5674	-0.5684	15.3027	0.0886
3.5702	-0.5684	15.3023	0.08862
3.5729	-0.5684	15.302	0.08864
3.5756	-0.5684	15.3016	0.08866
3.5784	-0.5684	15.3013	0.08868
3.5811	-0.5684	15.3009	0.0887
3.5838	-0.5684	15.3006	0.08872
3.5866	-0.5684	15.3002	0.08874
3.5893	-0.5684	15.2999	0.08876
3.5921	-0.5684	15.2996	0.08878
3.5948	-0.5684	15.2992	0.0888
3.5975	-0.5684	15.2989	0.08882
3.6003	-0.5684	15.2985	0.08884
3.603	-0.5684	15.2982	0.08886
3.6057	-0.5684	15.2978	0.08888
3.6085	-0.5684	15.2975	0.0889
3.6112	-0.5684	15.2972	0.08892
3.614	-0.5684	15.2968	0.08894
3.6167	-0.5684	15.2965	0.08896
3.6194	-0.5684	15.2962	0.08898
3.6222	-0.5684	15.2958	0.089
3.6249	-0.5684	15.2955	0.08901
3.6277	-0.5684	15.2952	0.08903
3.6304	-0.5684	15.2948	0.08905
3.6331	-0.5684	15.2945	0.08907
3.6359	-0.5684	15.2942	0.08909
3.6386	-0.5684	15.2938	0.08911
3.6413	-0.5684	15.2935	0.08913
3.6441	-0.5684	15.2932	0.08915
3.6468	-0.5684	15.2929	0.08917
3.6496	-0.5684	15.2925	0.08919
3.6523	-0.5684	15.2922	0.08921
3.655	-0.5684	15.2919	0.08923
3.6578	-0.5684	15.2916	0.08925
3.6605	-0.5684	15.2913	0.08927
3.6632	-0.5684	15.2909	0.08929
3.666	-0.5684	15.2906	0.08931
3.6687	-0.5684	15.2903	0.08933
3.6715	-0.5684	15.29	0.08935
3.6742	-0.5684	15.2897	0.08937
3.6769	-0.5684	15.2894	0.08939
3.6797	-0.5684	15.289	0.08941
3.6824	-0.5684	15.2887	0.08943
3.6851	-0.5684	15.2884	0.08945
3.6879	-0.5684	15.2881	0.08947
3.6906	-0.5684	15.2878	0.08949
3.6934	-0.5684	15.2875	0.08951
3.6961	-0.5684	15.2872	0.08953
3.6988	-0.5684	15.2869	0.08955
3.7016	-0.5684	15.2866	0.08957
3.7043	-0.5684	15.2863	0.08959
3.707	-0.5684	15.286	0.08961
3.7098	-0.5684	15.2857	0.08963
3.7125	-0.5684	15.2854	0.08964
3.7153	-0.5684	15.2851	0.08966
3.718	-0.5684	15.2848	0.08968
3.7207	-0.5684	15.2845	0.0897
3.7235	-0.5684	15.2842	0.08972
3.7262	-0.5684	15.2839	0.08974
3.729	-0.5684	15.2836	0.08976
3.7317	-0.5684	15.2833	0.08978
3.7344	-0.5684	15.283	0.0898
3.7372	-0.5684	15.2827	0.08982
3.7399	-0.5684	15.2824	0.08984
3.7426	-0.5684	15.2821	0.08986
3.7454	-0.5684	15.2818	0.08988
3.7481	-0.5684	15.2816	0.0899
3.7509	-0.5684	15.2813	0.08992
3.7536	-0.5684	15.281	0.08994
3.7563	-0.5684	15.2807	0.08996
3.7591	-0.5684	15.2804	0.08998
3.7618	-0.5684	15.2801	0.09
3.7645	-0.5684	15.2799	0.09002
3.7673	-0.5684	15.2796	0.09004
3.77	-0.5684	15.2793	0.09006
3.7728	-0.5684	15.279	0.09008
3.7755	-0.5684	15.2788	0.0901
3.7782	-0.5684	15.2785	0.09012
3.781	-0.5684	15.2782	0.09013
3.7837	-0.5684	15.2779	0.09015
3.7864	-0.5684	15.2777	0.09017
3.7892	-0.5684	15.2774	0.09019
3.7919	-0.5684	15.2771	0.09021
3.7947	-0.5684	15.2769	0.09023
3.7974	-0.5684	15.2766	0.09025
3.8001	-0.5684	15.2763	0.09027
3.8029	-0.5684	15.2761	0.09029
3.8056	-0.5684	15.2758	0.09031
3.8084	-0.5684	15.2755	0.09033
3.8111	-0.5684	15.2753	0.09035
3.8138	-0.5684	15.275	0.09037
3.8166	-0.5684	15.2748	0.09039
3.8193	-0.5684	15.2745	0.09041
3.822	-0.5684	15.2742	0.09043
3.8248	-0.5684	15.274	0.09045
3.8275	-0.5684	15.2737	0.09047
3.8303	-0.5684	15.2735	0.09049
3.833	-0.5684	15.2732	0.0905
3.8357	-0.5684	15.273	0.09052
3.8385	-0.5684	15.2727	0.09054
3.8412	-0.5684	15.2725	0.09056
3.8439	-0.5684	15.2722	0.09058
3.8467	-0.5684	15.272	0.0906
3.8494	-0.5684	15.2717	0.09062
3.8522	-0.5684	15.2715	0.09064
3.8549	-0.5684	15.2713	0.09066
3.8576	-0.5684	15.271	0.09068
3.8604	-0.5684	15.2708	0.0907
3.8631	-0.5684	15.2705	0.09072
3.8658	-0.5684	15.2703	0.09074
3.8686	-0.5684	15.2701	0.09076
3.8713	-0.5684	15.2698	0.09078
3.8741	-0.5684	15.2696	0.0908
3.8768	-0.5684	15.2694	0.09081
3.8795	-0.5684	15.2691	0.09083
3.8823	-0.5684	15.2689	0.09085
3.885	-0.5684	15.2687	0.09087
3.8877	-0.5684	15.2685	0.09089
3.8905	-0.5684	15.2682	0.09091
3.8932	-0.5684	15.268	0.09093
3.896	-0.5684	15.2678	0.09095
3.8987	-0.5684	15.2676	0.09097
3.9014	-0.5684	15.2673	0.09099
3.9042	-0.5684	15.2671	0.09101
3.9069	-0.5684	15.2669	0.09103
3.9097	-0.5684	15.2667	0.09105
3.9124	-0.5684	15.2665	0.09107
3.9151	-0.5684	15.2662	0.09109
3.9179	-0.5684	15.266	0.0911
3.9206	-0.5684	15.2658	0.09112
3.9233	-0.5684	15.2656	0.09114
3.9261	-0.5684	15.2654	0.09116
3.9288	-0.5684	15.2652	0.09118
3.9316	-0.5684	15.265	0.0912
3.9343	-0.5684	15.2648	0.09122
3.937	-0.5684	15.2646	0.09124
3.9398	-0.5684	15.2644	0.09126
3.9425	-0.5684	15.2642	0.09128
3.9452	-0.5684	15.264	0.0913
3.948	-0.5684	15.2638	0.09132
3.9507	-0.5684	15.2636	0.09134
3.9535	-0.5684	15.2634	0.09136
3.9562	-0.5684	15.2632	0.09138
3.9589	-0.5684	15.263	0.09139
3.9617	-0.5684	15.2628	0.09141
3.9644	-0.5684	15.2626	0.09143
3.9671	-0.5684	15.2624	0.09145
3.9699	-0.5684	15.2622	0.09147
3.9726	-0.5684	15.262	0.09149
3.9754	-0.5684	15.2619	0.09151
3.9781	-0.5684	15.2617	0.09153
3.9808	-0.5684	15.2615	0.09155
3.9836	-0.5684	15.2613	0.09157
3.9863	-0.5684	15.2611	0.09159
3.989	-0.5684	15.2609	0.09161
3.9918	-0.5684	15.2608	0.09163
3.9945	-0.5684	15.2606	0.09165
3.9973	-0.5684	15.2604	0.09167
4	-0.5684	15.2602	0.09168
4.0027	-0.5684	15.2601	0.0917
4.0055	-0.5684	15.2599	0.09172
4.0082	-0.5684	15.2597	0.09174
4.011	-0.5684	15.2596	0.09176
4.0137	-0.5684	15.2594	0.09178
4.0164	-0.5684	15.2592	0.0918
4.0192	-0.5684	15.2591	0.09182
4.0219	-0.5684	15.2589	0.09184
4.0246	-0.5684	15.2587	0.09186
4.0274	-0.5684	15.2586	0.09188
4.0301	-0.5684	15.2584	0.0919
4.0329	-0.5684	15.2583	0.09192
4.0356	-0.5684	15.2581	0.09194
4.0383	-0.5684	15.2579	0.09196
4.0411	-0.5684	15.2578	0.09198
4.0438	-0.5684	15.2576	0.092
4.0465	-0.5684	15.2575	0.09201
4.0493	-0.5684	15.2573	0.09203
4.052	-0.5684	15.2572	0.09205
4.0548	-0.5684	15.257	0.09207
4.0575	-0.5684	15.2569	0.09209
4.0602	-0.5684	15.2568	0.09211
4.063	-0.5684	15.2566	0.09213
4.0657	-0.5684	15.2565	0.09215
4.0684	-0.5684	15.2563	0.09217
4.0712	-0.5684	15.2562	0.09219
4.0739	-0.5684	15.2561	0.09221
4.0767	-0.5684	15.2559	0.09223
4.0794	-0.5684	15.2558	0.09225
4.0821	-0.5684	15.2557	0.09227
4.0849	-0.5684	15.2555	0.09229
4.0876	-0.5684	15.2554	0.09231
4.0903	-0.5684	15.2553	0.09232
4.0931	-0.5684	15.2551	0.09234
4.0958	-0.5684	15.255	0.09236
4.0986	-0.5684	15.2549	0.09238
4.1013	-0.5684	15.2548	0.0924
4.104	-0.5684	15.2547	0.09242
4.1068	-0.5684	15.2545	0.09244
4.1095	-0.5684	15.2544	0.09246
4.1123	-0.5684	15.2543	0.09248
4.115	-0.5684	15.2542	0.0925
4.1177	-0.5684	15.2541	0.09252
4.1205	-0.5684	15.254	0.09254
4.1232	-0.5684	15.2538	0.09256
4.1259	-0.5684	15.2537	0.09258
4.1287	-0.5684	15.2536	0.0926
4.1314	-0.5684	15.2535	0.09262
4.1342	-0.5684	15.2534	0.09263
4.1369	-0.5684	15.2533	0.09265
4.1396	-0.5684	15.2532	0.09267
4.1424	-0.5684	15.2531	0.09269
4.1451	-0.5684	15.253	0.09271
4.1478	-0.5684	15.2529	0.09273
4.1506	-0.5684	15.2528	0.09275
4.1533	-0.5684	15.2527	0.09277
4.1561	-0.5684	15.2526	0.09279
4.1588	-0.5684	15.2525	0.09281
4.1615	-0.5684	15.2525	0.09283
4.1643	-0.5684	15.2524	0.09285
4.167	-0.5684	15.2523	0.09287
4.1697	-0.5684	15.2522	0.09289
4.1725	-0.5684	15.2521	0.09291
4.1752	-0.5684	15.252	0.09292
4.178	-0.5684	15.2519	0.09294
4.1807	-0.5684	15.2519	0.09296
4.1834	-0.5684	15.2518	0.09298
4.1862	-0.5684	15.2517	0.093
4.1889	-0.5684	15.2516	0.09302
4.1916	-0.5684	15.2515	0.09304
4.1944	-0.5684	15.2515	0.09306
4.1971	-0.5684	15.2514	0.09308
4.1999	-0.5684	15.2513	0.0931
4.2026	-0.5684	15.2513	0.09312
4.2053	-0.5684	15.2512	0.09314
4.2081	-0.5684	15.2511	0.09316
4.2108	-0.5684	15.2511	0.09318
4.2136	-0.5684	15.251	0.0932
4.2163	-0.5684	15.2509	0.09321
4.219	-0.5684	15.2509	0.09323
4.2218	-0.5684	15.2508	0.09325
4.2245	-0.5684	15.2508	0.09327
4.2272	-0.5684	15.2507	0.09329
4.23	-0.5684	15.2507	0.09331
4.2327	-0.5684	15.2506	0.09333
4.2355	-0.5684	15.2506	0.09335
4.2382	-0.5684	15.2505	0.09337
4.2409	-0.5684	15.2505	0.09339
4.2437	-0.5684	15.2504	0.093410000000000007
4.2464	-0.5684	15.2504	0.09343
4.2491	-0.5684	15.2503	0.09345
4.2519	-0.5684	15.2503	0.09346
4.2546	-0.5684	15.2502	0.09348
4.2574	-0.5684	15.2502	0.0935
4.2601	-0.5684	15.2502	0.09352
4.2628	-0.5684	15.2501	0.09354
4.2656	-0.5684	15.2501	0.09356
4.2683	-0.5684	15.25	0.09358
4.271	-0.5684	15.25	0.0936
4.2738	-0.5684	15.25	0.09362
4.2765	-0.5684	15.25	0.09364
4.2793	-0.5684	15.2499	0.09366
4.282	-0.5684	15.2499	0.09368
4.2847	-0.5684	15.2499	0.09369
4.2875	-0.5684	15.2498	0.09371
4.2902	-0.5684	15.2498	0.09373
4.293	-0.5684	15.2498	0.09375
4.2957	-0.5684	15.2498	0.09377
4.2984	-0.5684	15.2498	0.09379
4.3012	-0.5684	15.2497	0.09381
4.3039	-0.5684	15.2497	0.09383
4.3066	-0.5684	15.2497	0.09385
4.3094	-0.5684	15.2497	0.09387
4.3121	-0.5684	15.2497	0.09388
4.3149	-0.5684	15.2497	0.0939
4.3176	-0.5684	15.2497	0.09392
4.3203	-0.5684	15.2497	0.09394
4.3231	-0.5684	15.2497	0.09396
4.3258	-0.5684	15.2497	0.09398
4.3285	-0.5684	15.2496	0.094
4.3313	-0.5684	15.2496	0.09402
4.334	-0.5684	15.2496	0.09404
4.3368	-0.5684	15.2496	0.09406
4.3395	-0.5684	15.2496	0.09407
4.3422	-0.5684	15.2497	0.09409
4.345	-0.5684	15.2497	0.09411
4.3477	-0.5684	15.2497	0.09413
4.3504	-0.5684	15.2497	0.09415
4.3532	-0.5684	15.2497	0.09417
4.3559	-0.5684	15.2497	0.09419
4.3587	-0.5684	15.2497	0.09421
4.3614	-0.5684	15.2497	0.09422
4.3641	-0.5684	15.2497	0.09424
4.3669	-0.5684	15.2497	0.09426
4.3696	-0.5684	15.2498	0.09428
4.3723	-0.5684	15.2498	0.0943
4.3751	-0.5684	15.2498	0.09432
4.3778	-0.5684	15.2498	0.09434
4.3806	-0.5684	15.2498	0.09436
4.3833	-0.5684	15.2499	0.09437
4.386	-0.5684	15.2499	0.09439
4.3888	-0.5684	15.2499	0.09441
4.3915	-0.5684	15.2499	0.09443
4.3943	-0.5684	15.25	0.09445
4.397	-0.5684	15.25	0.09447
4.3997	-0.5684	15.25	0.09449
4.4025	-0.5684	15.25	0.0945
4.4052	-0.5684	15.2501	0.09452
4.4079	-0.5684	15.2501	0.09454
4.4107	-0.5684	15.2501	0.09456
4.4134	-0.5684	15.2502	0.09458
4.4162	-0.5684	15.2502	0.0946
4.4189	-0.5684	15.2502	0.09461
4.4216	-0.5684	15.2503	0.09463
4.4244	-0.5684	15.2503	0.09465
4.4271	-0.5684	15.2504	0.09467
4.4298	-0.5684	15.2504	0.09469
4.4326	-0.5684	15.2505	0.09471
4.4353	-0.5684	15.2505	0.09472
4.4381	-0.5684	15.2505	0.09474
4.4408	-0.5684	15.2506	0.09476
4.4435	-0.5684	15.2506	0.09478
4.4463	-0.5684	15.2507	0.0948
4.449	-0.5684	15.2507	0.09481
4.4517	-0.5684	15.2508	0.09483
4.4545	-0.5684	15.2508	0.09485
4.4572	-0.5684	15.2509	0.09487
4.46	-0.5684	15.2509	0.09489
4.4627	-0.5684	15.251	0.09491
4.4654	-0.5684	15.2511	0.09492
4.4682	-0.5684	15.2511	0.09494
4.4709	-0.5684	15.2512	0.09496
4.4736	-0.5684	15.2512	0.09498
4.4764	-0.5684	15.2513	0.095
4.4791	-0.5684	15.2514	0.09501
4.4819	-0.5684	15.2514	0.09503
4.4846	-0.5684	15.2515	0.09505
4.4873	-0.5684	15.2515	0.09507
4.4901	-0.5684	15.2516	0.09508
4.4928	-0.5684	15.2517	0.0951
4.4956	-0.5684	15.2517	0.09512
4.4983	-0.5684	15.2518	0.09514
4.501	-0.5684	15.2519	0.09516
4.5038	-0.5684	15.2519	0.09517
4.5065	-0.5684	15.252	0.09519
4.5092	-0.5684	15.2521	0.09521
4.512	-0.5684	15.2522	0.09523
4.5147	-0.5684	15.2522	0.09524
4.5175	-0.5684	15.2523	0.09526
4.5202	-0.5684	15.2524	0.09528
4.5229	-0.5684	15.2525	0.0953
4.5257	-0.5684	15.2525	0.09531
4.5284	-0.5684	15.2526	0.09533
4.5311	-0.5684	15.2527	0.09535
4.5339	-0.5684	15.2528	0.09537
4.5366	-0.5684	15.2529	0.09538
4.5394	-0.5684	15.2529	0.0954
4.5421	-0.5684	15.253	0.09542
4.5448	-0.5684	15.2531	0.09544
4.5476	-0.5684	15.2532	0.09545
4.5503	-0.5684	15.2533	0.09547
4.553	-0.5684	15.2534	0.09549
4.5558	-0.5684	15.2534	0.0955
4.5585	-0.5684	15.2535	0.09552
4.5613	-0.5684	15.2536	0.09554
4.564	-0.5684	15.2537	0.09556
4.5667	-0.5684	15.2538	0.09557
4.5695	-0.5684	15.2539	0.09559
4.5722	-0.5684	15.254	0.09561
4.5749	-0.5684	15.2541	0.09562
4.5777	-0.5684	15.2542	0.09564
4.5804	-0.5684	15.2543	0.09566
4.5832	-0.5684	15.2543	0.09567
4.5859	-0.5684	15.2544	0.09569
4.5886	-0.5684	15.2545	0.09571
4.5914	-0.5684	15.2546	0.09573
4.5941	-0.5684	15.2547	0.09574
4.5969	-0.5684	15.2548	0.09576
4.5996	-0.5684	15.2549	0.09578
4.6023	-0.5684	15.255	0.09579
4.6051	-0.5684	15.2551	0.09581
4.6078	-0.5684	15.2552	0.09583
4.6105	-0.5684	15.2553	0.09584
4.6133	-0.5684	15.2554	0.09586
4.616	-0.5684	15.2555	0.09588
4.6188	-0.5684	15.2556	0.09589
4.6215	-0.5684	15.2557	0.09591
4.6242	-0.5684	15.2558	0.09593
4.627	-0.5684	15.2559	0.09594
4.6297	-0.5684	15.256	0.09596
4.6324	-0.5684	15.2561	0.09597
4.6352	-0.5684	15.2563	0.09599
4.6379	-0.5684	15.2564	0.09601
4.6407	-0.5684	15.2565	0.09602
4.6434	-0.5684	15.2566	0.09604
4.6461	-0.5684	15.2567	0.09606
4.6489	-0.5684	15.2568	0.09607
4.6516	-0.5684	15.2569	0.09609
4.6543	-0.5684	15.257	0.0961
4.6571	-0.5684	15.2571	0.09612
4.6598	-0.5684	15.2572	0.09614
4.6626	-0.5684	15.2574	0.09615
4.6653	-0.5684	15.2575	0.09617
4.668	-0.5684	15.2576	0.09618
4.6708	-0.5684	15.2577	0.0962
4.6735	-0.5684	15.2578	0.09622
4.6762	-0.5684	15.2579	0.09623
4.679	-0.5684	15.258	0.09625
4.6817	-0.5684	15.2582	0.09626
4.6845	-0.5684	15.2583	0.09628
4.6872	-0.5684	15.2584	0.0963
4.6899	-0.5684	15.2585	0.09631
4.6927	-0.5684	15.2586	0.09633
4.6954	-0.5684	15.2587	0.09634
4.6982	-0.5684	15.2589	0.09636
4.7009	-0.5684	15.259	0.09637
4.7036	-0.5684	15.2591	0.09639
4.7064	-0.5684	15.2592	0.09641
4.7091	-0.5684	15.2593	0.09642
4.7118	-0.5684	15.2595	0.09644
4.7146	-0.5684	15.2596	0.09645
4.7173	-0.5684	15.2597	0.09647
4.7201	-0.5684	15.2598	0.09648
4.7228	-0.5684	15.2599	0.0965
4.7255	-0.5684	15.2601	0.09651
4.7283	-0.5684	15.2602	0.09653
4.731	-0.5684	15.2603	0.09654
4.7337	-0.5684	15.2604	0.096560000000000007
4.7365	-0.5684	15.2606	0.09657
4.7392	-0.5684	15.2607	0.09659
4.742	-0.5684	15.2608	0.0966
4.7447	-0.5684	15.261	0.09662
4.7474	-0.5684	15.2611	0.09663
4.7502	-0.5684	15.2612	0.09665
4.7529	-0.5684	15.2613	0.09666
4.7556	-0.5684	15.2615	0.09668
4.7584	-0.5684	15.2616	0.09669
4.7611	-0.5684	15.2617	0.09671
4.7639	-0.5684	15.2619	0.09672
4.7666	-0.5684	15.262	0.09674
4.7693	-0.5684	15.2621	0.09675
4.7721	-0.5684	15.2622	0.09677
4.7748	-0.5684	15.2624	0.09678
4.7775	-0.5684	15.2625	0.0968
4.7803	-0.5684	15.2626	0.09681
4.783	-0.5684	15.2628	0.09683
4.7858	-0.5684	15.2629	0.09684
4.7885	-0.5684	15.263	0.09686
4.7912	-0.5684	15.2632	0.09687
4.794	-0.5684	15.2633	0.09688
4.7967	-0.5684	15.2635	0.0969
4.7995	-0.5684	15.2636	0.09691
4.8022	-0.5684	15.2637	0.09693
4.8049	-0.5684	15.2639	0.09694
4.8077	-0.5684	15.264	0.09696
4.8104	-0.5684	15.2641	0.09697
4.8131	-0.5684	15.2643	0.09699
4.8159	-0.5684	15.2644	0.097
4.8186	-0.5684	15.2646	0.09701
4.8214	-0.5684	15.2647	0.09703
4.8241	-0.5684	15.2648	0.09704
4.8268	-0.5684	15.265	0.09706
4.8296	-0.5684	15.2651	0.09707
4.8323	-0.5684	15.2653	0.09708
4.835	-0.5684	15.2654	0.0971
4.8378	-0.5684	15.2655	0.09711
4.8405	-0.5684	15.2657	0.09713
4.8433	-0.5684	15.2658	0.09714
4.846	-0.5684	15.266	0.09715
4.8487	-0.5684	15.2661	0.09717
4.8515	-0.5684	15.2663	0.09718
4.8542	-0.5684	15.2664	0.0972
4.8569	-0.5684	15.2665	0.09721
4.8597	-0.5684	15.2667	0.09722
4.8624	-0.5684	15.2668	0.09724
4.8652	-0.5684	15.267	0.09725
4.8679	-0.5684	15.2671	0.09726
4.8706	-0.5684	15.2673	0.09728
4.8734	-0.5684	15.2674	0.09729
4.8761	-0.5684	15.2676	0.0973
4.8789	-0.5684	15.2677	0.09732
4.8816	-0.5684	15.2679	0.09733
4.8843	-0.5684	15.268	0.09734
4.8871	-0.5684	15.2682	0.09736
4.8898	-0.5684	15.2683	0.09737
4.8925	-0.5684	15.2685	0.09739
4.8953	-0.5684	15.2686	0.0974
4.898	-0.5684	15.2688	0.09741
4.9008	-0.5684	15.2689	0.09743
4.9035	-0.5684	15.2691	0.09744
4.9062	-0.5684	15.2692	0.09745
4.909	-0.5684	15.2694	0.09746
4.9117	-0.5684	15.2695	0.09748
4.9144	-0.5684	15.2697	0.09749
4.9172	-0.5684	15.2698	0.0975
4.9199	-0.5684	15.27	0.09752
4.9227	-0.5684	15.2702	0.09753
4.9254	-0.5684	15.2703	0.09754
4.9281	-0.5684	15.2705	0.09756
4.9309	-0.5684	15.2706	0.09757
4.9336	-0.5684	15.2708	0.09758
4.9363	-0.5684	15.2709	0.0976
4.9391	-0.5684	15.2711	0.09761
4.9418	-0.5684	15.2713	0.09762
4.9446	-0.5684	15.2714	0.09763
4.9473	-0.5684	15.2716	0.09765
4.95	-0.5684	15.2717	0.09766
4.9528	-0.5684	15.2719	0.09767
4.9555	-0.5684	15.272	0.09769
4.9582	-0.5684	15.2722	0.0977
4.961	-0.5684	15.2724	0.09771
4.9637	-0.5684	15.2725	0.09772
4.9665	-0.5684	15.2727	0.09774
4.9692	-0.5684	15.2729	0.09775
4.9719	-0.5684	15.273	0.09776
4.9747	-0.5684	15.2732	0.09777
4.9774	-0.5684	15.2733	0.09779
4.9802	-0.5684	15.2735	0.0978
4.9829	-0.5684	15.2737	0.09781
4.9856	-0.5684	15.2738	0.09782
4.9884	-0.5684	15.274	0.09784
4.9911	-0.5684	15.2742	0.09785
4.9938	-0.5684	15.2743	0.09786
4.9966	-0.5684	15.2745	0.09787
4.9993	-0.5684	15.2747	0.09789
5.0021	-0.5684	15.2748	0.0979
5.0048	-0.5684	15.275	0.09791
5.0075	-0.5684	15.2752	0.09792
5.0103	-0.5684	15.2753	0.09794
5.013	-0.5684	15.2755	0.09795
5.0157	-0.5684	15.2757	0.09796
5.0185	-0.5684	15.2758	0.09797
5.0212	-0.5684	15.276	0.09799
5.024	-0.5684	15.2762	0.098
5.0267	-0.5684	15.2763	0.09801
5.0294	-0.5684	15.2765	0.09802
5.0322	-0.5684	15.2767	0.09803
5.0349	-0.5684	15.2768	0.09805
5.0376	-0.5684	15.277	0.09806
5.0404	-0.5684	15.2772	0.09807
5.0431	-0.5684	15.2773	0.09808
5.0459	-0.5684	15.2775	0.0981
5.0486	-0.5684	15.2777	0.09811
5.0513	-0.5684	15.2779	0.09812
5.0541	-0.5684	15.278	0.09813
5.0568	-0.5684	15.2782	0.09814
5.0595	-0.5684	15.2784	0.09816
5.0623	-0.5684	15.2785	0.09817
5.065	-0.5684	15.2787	0.09818
5.0678	-0.5684	15.2789	0.09819
5.0705	-0.5684	15.2791	0.0982
5.0732	-0.5684	15.2792	0.09822
5.076	-0.5684	15.2794	0.09823
5.0787	-0.5684	15.2796	0.09824
5.0815	-0.5684	15.2798	0.09825
5.0833	-0.8886	15.2441	0.09692
5.1667	-0.9068	15.2434	0.09738
5.25	-0.9248	15.2433	0.09783
5.3333	-0.9427	15.2438	0.09829
5.4167	-0.9605	15.2448	0.09875
5.5	-0.978	15.2464	0.0992
5.5833	-0.9954	15.2487	0.09966
5.6667	-1.0126	15.2516	0.10012
5.75	-1.0296	15.2551	0.10058
5.8333	-1.0464	15.2592	0.10104
5.9167	-1.063	15.2641	0.10149
6	-1.0794	15.2697	0.10195
6.0833	-1.0956	15.276	0.10241
6.1667	-1.1115	15.2831	0.10287
6.25	-1.1272	15.2911	0.10333
6.3333	-1.1427	15.2998	0.10379
6.4167	-1.1579	15.3095	0.10425
6.5	-1.1728	15.32	0.10471
6.5833	-1.1875	15.3314	0.10517
6.6667	-1.2019	15.3439	0.10562
6.75	-1.216	15.3572	0.10608
6.8333	-1.2298	15.3717	0.10654
6.9167	-1.2433	15.3871	0.107
7	-1.2565	15.4036	0.10746
7.0833	-1.2693	15.4211	0.10792
7.1667	-1.2819	15.4397	0.10837
7.25	-1.2941	15.4593	0.10883
7.3333	-1.306	15.4798	0.10929
7.4167	-1.3175	15.5014	0.10974
7.5	-1.3287	15.524	0.1102
7.5833	-1.3395	15.5476	0.11065
7.6667	-1.3499	15.5723	0.1111
7.75	-1.36	15.5979	0.11156
7.8333	-1.3697	15.6246	0.11201
7.9167	-1.379	15.6523	0.11246
8	-1.388	15.681	0.11291
8.0833	-1.3966	15.7107	0.11335
8.1667	-1.4047	15.7415	0.1138
8.25	-1.4125	15.7732	0.11424
8.3333	-1.4199	15.8058	0.11469
8.4167	-1.427	15.8394	0.11513
8.5	-1.4336	15.8738	0.11557
8.5833	-1.4398	15.909	0.11601
8.6667	-1.4456	15.9451	0.11644
8.75	-1.4511	15.9818	0.11688
8.8333	-1.4561	16.0194	0.11731
8.9167	-1.4607	16.0575	0.11774
9	-1.465	16.0964	0.11816
9.0833	-1.4688	16.1358	0.11859
9.1667	-1.4723	16.1759	0.11901
9.25	-1.4753	16.2166	0.11943
9.3333	-1.478	16.258	0.11985
9.4167	-1.4803	16.2999	0.12026
9.5	-1.4823	16.3425	0.12067
9.5833	-1.4838	16.3858	0.12108
9.6667	-1.485	16.4298	0.12148
9.75	-1.4859	16.4746	0.12188
9.8333	-1.4864	16.52	0.12228
9.9167	-1.4866	16.5663	0.12268
10	-1.4864	16.6133	0.12307
10.0833	-1.4859	16.6612	0.12346
10.1667	-1.4851	16.71	0.12384
10.25	-1.4839	16.7595	0.12422
10.3333	-1.4825	16.81	0.1246
10.4167	-1.4807	16.8614	0.12497
10.5	-1.4787	16.9136	0.12534
10.5833	-1.4763	16.9667	0.12571
10.6667	-1.4737	17.0208	0.12607
10.75	-1.4708	17.0757	0.12643
10.8333	-1.4677	17.1316	0.12678
10.9167	-1.4642	17.1883	0.12713
11	-1.4606	17.2459	0.12748
11.0833	-1.4567	17.3044	0.12782
11.1667	-1.4526	17.3637	0.12816
11.25	-1.4482	17.4238	0.12849
11.3333	-1.4436	17.4847	0.12882
11.4167	-1.4389	17.5464	0.12914
11.5	-1.4339	17.6088	0.12946
11.5833	-1.4288	17.6719	0.12978
11.6667	-1.4235	17.7357	0.13009
11.75	-1.418	17.8001	0.1304
11.8333	-1.4123000000000001	17.8651	0.1307
11.9167	-1.4065	17.9306	0.13099
12	-1.4006	17.9966	0.13129
12.0833	-1.3945	18.063	0.13158
12.1667	-1.3883	18.1297	0.13186
12.25	-1.3819	18.1967	0.13214
12.3333	-1.3755	18.2639	0.13241
12.4167	-1.3689	18.3312	0.13268
12.5	-1.3621	18.3986	0.13295
12.5833	-1.3553	18.466	0.13321
12.6667	-1.3483	18.5333	0.13347
12.75	-1.3413	18.6006	0.13372
12.8333	-1.3341	18.6677	0.13397
12.9167	-1.3269	18.7346	0.13421
13	-1.3195	18.8012	0.13445
13.0833	-1.3121	18.8675	0.13469
13.1667	-1.3046	18.9335	0.13492
13.25	-1.297	18.9991	0.13514
13.3333	-1.2894	19.0642	0.13537
13.4167	-1.2816	19.1289	0.13559
13.5	-1.2739	19.1931	0.1358
13.5833	-1.2661	19.2567	0.13601
13.6667	-1.2583	19.3197	0.13622
13.75	-1.2504	19.382	0.13642
13.8333	-1.2425	19.4437	0.13662
13.9167	-1.2345	19.5045	0.13681
14	-1.2266	19.5647	0.137
14.0833	-1.2186	19.624	0.13719
14.1667	-1.2107	19.6824	0.13738
14.25	-1.2027	19.74	0.13756
14.3333	-1.1947	19.7966	0.13774
14.4167	-1.1867	19.8523	0.13791
14.5	-1.1788	19.907	0.13808
14.5833	-1.1708	19.9607	0.13825
14.6667	-1.1629	20.0133	0.13841
14.75	-1.1549	20.0648	0.13858
14.8333	-1.147	20.1152	0.13873
14.9167	-1.139	20.1644	0.13889
15	-1.1311	20.2125	0.13904
15.0833	-1.1232	20.2595	0.1392
15.1667	-1.1153	20.3053	0.13934
15.25	-1.1074	20.3499	0.13949
15.3333	-1.0996	20.3934	0.13963
15.4167	-1.0917	20.4357	0.13977
15.5	-1.0838	20.4769	0.13991
15.5833	-1.076	20.517	0.14005
15.6667	-1.0681	20.556	0.14018
15.75	-1.0603	20.5938	0.14031
15.8333	-1.0525	20.6306	0.14044
15.9167	-1.0447	20.6663	0.14057
16	-1.0368	20.7008	0.1407
16.0833	-1.029	20.7344	0.14082
16.1667	-1.0212	20.7668	0.14094
16.25	-1.0134	20.7982	0.14106
16.3333	-1.0055	20.8286	0.14118
16.4167	-0.9977	20.858	0.1413
16.5	-0.9898	20.8863	0.14142
16.5833	-0.9819	20.9137	0.14153
16.6667	-0.974	20.9401	0.14164
16.75	-0.9661	20.9656	0.14176
16.8333	-0.9582	20.9901	0.14187
16.9167	-0.9503	21.0138	0.14198
17	-0.9423	21.0367	0.14208
17.0833	-0.9344	21.0587	0.14219
17.1667	-0.9264	21.0801	0.1423
17.25	-0.9184	21.1007	0.1424
17.3333	-0.9104	21.1206	0.1425
17.4167	-0.9024	21.1399	0.14261
17.5	-0.8944	21.1586	0.14271
17.5833	-0.8863	21.1768	0.14281
17.6667	-0.8783	21.1944	0.14291
17.75	-0.8703	21.2116	0.14301
17.8333	-0.8623	21.2282	0.14311
17.9167	-0.8542	21.2444	0.1432
18	-0.8462	21.2603	0.1433
18.0833	-0.8382	21.2757	0.1434
18.1667	-0.8301	21.2908	0.14349
18.25	-0.8221	21.3055	0.14359
18.3333	-0.814	21.32	0.14368
18.4167	-0.806	21.3341	0.14377
18.5	-0.798	21.348	0.14386
18.5833	-0.7899	21.3617	0.14396
18.6667	-0.7819	21.3752	0.14405
18.75	-0.7738	21.3884	0.14414
18.8333	-0.7658	21.4014	0.14423
18.9167	-0.7577	21.4143	0.14432
19	-0.7496	21.4269	0.14441
19.0833	-0.7496	21.4269	0.14441
