name = who
year = 2006
yname = wgt
sex = male
distribution = LMS
citation = WHO
publication = WHO Multicentre Growth Reference Study Group (2006). WHO Child Growth Standards: Length/height-for-age, weight-for-age, weight-for-length, weight-for-height and body mass index-for-age: Methods and development. Geneva: World Health Organization; pp 312. (web site: http://www.who.int/childgrowth/publications/en/)
Remark = Supplement by Gerko Vink for wgt 10-19 yrs, given hgt 5-19 and bmi 5-19 references
[data]
x	L	M	S
0	0.3487	3.3464	0.14602
0.0027	0.3127	3.3174	0.14693
0.0055	0.3029	3.337	0.14676
0.0082	0.2959	3.3627	0.14647
0.011	0.2903	3.3915	0.14611
0.0137	0.2855	3.4223	0.14571
0.0164	0.2813	3.4545	0.14528
0.0192	0.2776	3.4879	0.14483
0.0219	0.2742	3.5222	0.14436
0.0246	0.2711	3.5576	0.14388
0.0274	0.2681	3.5941	0.14339
0.0301	0.2654	3.6319	0.1429
0.0329	0.2628	3.671	0.14241
0.0356	0.2604	3.7113	0.14192
0.0383	0.2581	3.7529	0.14142
0.0411	0.2558	3.7956	0.14093
0.0438	0.2537	3.8389	0.14044
0.0465	0.2517	3.8828	0.13996
0.0493	0.2497	3.927	0.13948
0.052	0.2478	3.9714	0.139
0.0548	0.246	4.0158	0.13853
0.0575	0.2442	4.0603	0.13807
0.0602	0.2425	4.1046	0.13761
0.063	0.2408	4.1489	0.13715
0.0657	0.2392	4.193	0.1367
0.0684	0.2376	4.2369	0.13626
0.0712	0.2361	4.2806	0.13582
0.0739	0.2346	4.324	0.13539
0.0767	0.2331	4.3671	0.13497
0.0794	0.2317	4.41	0.13455
0.0821	0.2303	4.4525	0.13413
0.0849	0.229	4.4946	0.13372
0.0876	0.2276	4.5363	0.13332
0.0903	0.2263	4.5776	0.13292
0.0931	0.225	4.6185	0.13253
0.0958	0.2237	4.659	0.13215
0.0986	0.2225	4.699	0.13177
0.1013	0.2213	4.7386	0.13139
0.104	0.2201	4.7778	0.13102
0.1068	0.2189	4.8166	0.13066
0.1095	0.2178	4.8549	0.1303
0.1123	0.2166	4.8928	0.12994
0.115	0.2155	4.9303	0.1296
0.1177	0.2144	4.9674	0.12925
0.1205	0.2133	5.0041	0.12891
0.1232	0.2122	5.0404	0.12858
0.1259	0.2112	5.0763	0.12825
0.1287	0.2101	5.1118	0.12792
0.1314	0.2091	5.1469	0.1276
0.1342	0.2081	5.1817	0.12729
0.1369	0.2071	5.2161	0.12698
0.1396	0.2061	5.2501	0.12667
0.1424	0.2052	5.2837	0.12637
0.1451	0.2042	5.3171	0.12607
0.1478	0.2032	5.35	0.12577
0.1506	0.2023	5.3826	0.12548
0.1533	0.2014	5.4149	0.1252
0.1561	0.2005	5.4468	0.12491
0.1588	0.1996	5.4784	0.12463
0.1615	0.1987	5.5097	0.12436
0.1643	0.1978	5.5407	0.12409
0.167	0.1969	5.5714	0.12382
0.1697	0.196	5.6018	0.12356
0.1725	0.1952	5.6319	0.1233
0.1752	0.1943	5.6617	0.12304
0.178	0.1935	5.6912	0.12279
0.1807	0.1926	5.7205	0.12254
0.1834	0.1918	5.7494	0.12229
0.1862	0.191	5.7781	0.12205
0.1889	0.1902	5.8065	0.12181
0.1916	0.1894	5.8346	0.12157
0.1944	0.1886	5.8625	0.12134
0.1971	0.1878	5.8901	0.12111
0.1999	0.187	5.9174	0.12088
0.2026	0.1863	5.9445	0.12066
0.2053	0.1855	5.9713	0.12044
0.2081	0.1847	5.9979	0.12022
0.2108	0.184	6.0242000000000004	0.12001
0.2136	0.1832	6.0503	0.1198
0.2163	0.1825	6.0762	0.11959
0.219	0.1818	6.1018	0.11939
0.2218	0.181	6.1272	0.11918
0.2245	0.1803	6.1523	0.11899
0.2272	0.1796	6.1772	0.11879
0.23	0.1789	6.2019	0.1186
0.2327	0.1782	6.2264	0.11841
0.2355	0.1775	6.2507	0.11822
0.2382	0.1768	6.2748	0.11803
0.2409	0.1761	6.2986	0.11785
0.2437	0.1754	6.3223	0.11767
0.2464	0.1747	6.3457	0.1175
0.2491	0.174	6.369	0.11732
0.2519	0.1734	6.3921	0.11715
0.2546	0.1727	6.4149	0.11698
0.2574	0.172	6.4376	0.11682
0.2601	0.1714	6.4601	0.11666
0.2628	0.1707	6.4824	0.11649
0.2656	0.1701	6.5046	0.11634
0.2683	0.1694	6.5265	0.11618
0.271	0.1688	6.5483	0.11603
0.2738	0.1682	6.5699	0.11588
0.2765	0.1675	6.5914	0.11573
0.2793	0.1669	6.6126	0.11558
0.282	0.1663	6.6338	0.11544
0.2847	0.1657	6.6547	0.1153
0.2875	0.1651	6.6755	0.11516
0.2902	0.1644	6.6962	0.11502
0.293	0.1638	6.7166	0.11489
0.2957	0.1632	6.737	0.11476
0.2984	0.1626	6.7572	0.11463
0.3012	0.162	6.7772	0.1145
0.3039	0.1614	6.7971	0.11438
0.3066	0.1609	6.8168	0.11425
0.3094	0.1603	6.8365	0.11413
0.3121	0.1597	6.8559	0.11401
0.3149	0.1591	6.8753	0.1139
0.3176	0.1585	6.8945	0.11378
0.3203	0.158	6.9135	0.11367
0.3231	0.1574	6.9325	0.11356
0.3258	0.1568	6.9513	0.11345
0.3285	0.1563	6.9699	0.11334
0.3313	0.1557	6.9885	0.11324
0.334	0.1551	7.0069	0.11313
0.3368	0.1546	7.0252	0.11303
0.3395	0.154	7.0434	0.11293
0.3422	0.1535	7.0615	0.11283
0.345	0.1529	7.0794	0.11274
0.3477	0.1524	7.0972	0.11265
0.3504	0.1519	7.1149	0.11255
0.3532	0.1513	7.1325	0.11246
0.3559	0.1508	7.15	0.11237
0.3587	0.1502	7.1674	0.11229
0.3614	0.1497	7.1846	0.1122
0.3641	0.1492	7.2018	0.11212
0.3669	0.1487	7.2188	0.11204
0.3696	0.1481	7.2357	0.11196
0.3723	0.1476	7.2525	0.11188
0.3751	0.1471	7.2692	0.1118
0.3778	0.1466	7.2858	0.11172
0.3806	0.1461	7.3023	0.11165
0.3833	0.1456	7.3187	0.11158
0.386	0.1451	7.335	0.1115
0.3888	0.1446	7.3512	0.11143
0.3915	0.1441	7.3673	0.11137
0.3943	0.1436	7.3833	0.1113
0.397	0.1431	7.3992000000000004	0.11123
0.3997	0.1426	7.415	0.11117
0.4025	0.1421	7.4307	0.11111
0.4052	0.1416	7.4463	0.11104
0.4079	0.1411	7.4618	0.11098
0.4107	0.1406	7.4772	0.11092
0.4134	0.1401	7.4925	0.11087
0.4162	0.1396	7.5077	0.11081
0.4189	0.1391	7.5228	0.11075
0.4216	0.1387	7.5379	0.1107
0.4244	0.1382	7.5528	0.11065
0.4271	0.1377	7.5677	0.11059
0.4298	0.1372	7.5824	0.11054
0.4326	0.1368	7.5971	0.11049
0.4353	0.1363	7.6117	0.11044
0.4381	0.1358	7.6262	0.1104
0.4408	0.1354	7.6406	0.11035
0.4435	0.1349	7.655	0.11031
0.4463	0.1344	7.6692	0.11026
0.449	0.134	7.6834	0.11022
0.4517	0.1335	7.6975	0.11018
0.4545	0.1331	7.7115	0.11013
0.4572	0.1326	7.7255	0.11009
0.46	0.1322	7.7394	0.11005
0.4627	0.1317	7.7532	0.11002
0.4654	0.1313	7.7669	0.10998
0.4682	0.1308	7.7805	0.10994
0.4709	0.1304	7.7941	0.10991
0.4736	0.1299	7.8076	0.10987
0.4764	0.1295	7.821	0.10984
0.4791	0.129	7.8344	0.1098
0.4819	0.1286	7.8477	0.10977
0.4846	0.1282	7.8609	0.10974
0.4873	0.1277	7.8741	0.10971
0.4901	0.1273	7.8871	0.10968
0.4928	0.1269	7.9002	0.10965
0.4956	0.1264	7.9131	0.10962
0.4983	0.126	7.926	0.10959
0.501	0.1256	7.9389	0.10957
0.5038	0.1251	7.9516	0.10954
0.5065	0.1247	7.9643	0.10951
0.5092	0.1243	7.977	0.10949
0.512	0.1239	7.9895	0.10946
0.5147	0.1235	8.0021	0.10944
0.5175	0.123	8.0145	0.10942
0.5202	0.1226	8.0269	0.1094
0.5229	0.1222	8.0392	0.10937
0.5257	0.1218	8.0515	0.10935
0.5284	0.1214	8.0637	0.10933
0.5311	0.121	8.0759	0.10931
0.5339	0.1206	8.0879	0.10929
0.5366	0.1201	8.1	0.10927
0.5394	0.1197	8.112	0.10925
0.5421	0.1193	8.1239	0.10924
0.5448	0.1189	8.1357	0.10922
0.5476	0.1185	8.1475	0.1092
0.5503	0.1181	8.1593	0.10919
0.553	0.1177	8.171	0.10917
0.5558	0.1173	8.1826	0.10915
0.5585	0.1169	8.1942	0.10914
0.5613	0.1165	8.2058	0.10913
0.564	0.1161	8.2173	0.10911
0.5667	0.1157	8.2287	0.1091
0.5695	0.1153	8.2401	0.10908
0.5722	0.1149	8.2514	0.10907
0.5749	0.1145	8.2627	0.10906
0.5777	0.1142	8.2739	0.10905
0.5804	0.1138	8.2851	0.10903
0.5832	0.1134	8.2963	0.10902
0.5859	0.113	8.3074	0.10901
0.5886	0.1126	8.3184	0.109
0.5914	0.1122	8.3294	0.10899
0.5941	0.1118	8.3404	0.10898
0.5969	0.1115	8.3513	0.10897
0.5996	0.1111	8.3621	0.10896
0.6023	0.1107	8.3729	0.10895
0.6051	0.1103	8.3837	0.10894
0.6078	0.1099	8.3944	0.10894
0.6105	0.1096	8.4051	0.10893
0.6133	0.1092	8.4157	0.10892
0.616	0.1088	8.4263	0.10891
0.6188	0.1084	8.4369	0.10891
0.6215	0.1081	8.4474	0.1089
0.6242	0.1077	8.4578	0.10889
0.627	0.1073	8.4683	0.10889
0.6297	0.107	8.4787	0.10888
0.6324	0.1066	8.489	0.10887
0.6352	0.1062	8.4993	0.10887
0.6379	0.1059	8.5096	0.10886
0.6407	0.1055	8.5198	0.10886
0.6434	0.1051	8.53	0.10885
0.6461	0.1048	8.5401	0.10885
0.6489	0.1044	8.5502	0.10884
0.6516	0.104	8.5603	0.10884
0.6543	0.1037	8.5704	0.10884
0.6571	0.1033	8.5804	0.10883
0.6598	0.103	8.5903	0.10883
0.6626	0.1026	8.6003	0.10882
0.6653	0.1023	8.6102	0.10882
0.668	0.1019	8.62	0.10882
0.6708	0.1015	8.6299	0.10882
0.6735	0.1012	8.6397	0.10881
0.6762	0.1008	8.6494	0.10881
0.679	0.1005	8.6592	0.10881
0.6817	0.1001	8.6689	0.10881
0.6845	0.0998	8.6785	0.10881
0.6872	0.0994	8.6882	0.1088
0.6899	0.0991	8.6978	0.1088
0.6927	0.0987	8.7073	0.1088
0.6954	0.0984	8.7169	0.1088
0.6982	0.0981	8.7264	0.1088
0.7009	0.0977	8.7359000000000009	0.1088
0.7036	0.0974	8.7453	0.1088
0.7064	0.097	8.7548	0.1088
0.7091	0.0967	8.7642	0.1088
0.7118	0.0963	8.7735	0.1088
0.7146	0.096	8.7829	0.1088
0.7173	0.0957	8.7922	0.1088
0.7201	0.0953	8.8015	0.1088
0.7228	0.095	8.8107	0.1088
0.7255	0.0947	8.82	0.1088
0.7283	0.0943	8.8292	0.1088
0.731	0.094	8.8384	0.1088
0.7337	0.0937	8.8475	0.1088
0.7365	0.0933	8.8567	0.1088
0.7392	0.093	8.8658	0.1088
0.742	0.0927	8.8748	0.1088
0.7447	0.0923	8.8839	0.10881
0.7474	0.092	8.8929	0.10881
0.7502	0.0917	8.9019	0.10881
0.7529	0.0913	8.9109	0.10881
0.7556	0.091	8.9199	0.10881
0.7584	0.0907	8.9288	0.10882
0.7611	0.0904	8.9377	0.10882
0.7639	0.09	8.9466	0.10882
0.7666	0.0897	8.9555	0.10882
0.7693	0.0894	8.9643	0.10882
0.7721	0.0891	8.9731	0.10883
0.7748	0.0887	8.9819	0.10883
0.7775	0.0884	8.9907	0.10883
0.7803	0.0881	8.9995	0.10884
0.783	0.0878	9.0082	0.10884
0.7858	0.0875	9.0169	0.10884
0.7885	0.0871	9.0256	0.10884
0.7912	0.0868	9.0342	0.10885
0.794	0.0865	9.0429	0.10885
0.7967	0.0862	9.0515	0.10885
0.7995	0.0859	9.0601	0.10886
0.8022	0.0856	9.0687	0.10886
0.8049	0.0852	9.0772	0.10887
0.8077	0.0849	9.0858	0.10887
0.8104	0.0846	9.0943	0.10887
0.8131	0.0843	9.1028	0.10888
0.8159	0.084	9.1113	0.10888
0.8186	0.0837	9.1198	0.10888
0.8214	0.0834	9.1282	0.10889
0.8241	0.0831	9.1366	0.10889
0.8268	0.0827	9.145	0.1089
0.8296	0.0824	9.1534	0.1089
0.8323	0.0821	9.1618	0.1089
0.835	0.0818	9.1701	0.10891
0.8378	0.0815	9.1785	0.10891
0.8405	0.0812	9.1868	0.10892
0.8433	0.0809	9.1951	0.10892
0.846	0.0806	9.2034	0.10893
0.8487	0.0803	9.2117	0.10893
0.8515	0.08	9.2199	0.10894
0.8542	0.0797	9.2282	0.10894
0.8569	0.0794	9.2364	0.10894
0.8597	0.0791	9.2446	0.10895
0.86240000000000006	0.0788	9.2528	0.10895
0.8652	0.0785	9.261	0.10896
0.8679	0.0782	9.2691	0.10896
0.8706	0.0779	9.2773	0.10897
0.8734	0.0776	9.2854	0.10897
0.8761	0.0773	9.2935	0.10898
0.8789	0.077	9.3016	0.10898
0.8816	0.0767	9.3097	0.10899
0.8843	0.0764	9.3178	0.10899
0.8871	0.0761	9.3258	0.109
0.8898	0.0758	9.3339	0.10901
0.8925	0.0755	9.3419	0.10901
0.8953	0.0752	9.3499	0.10902
0.898	0.0749	9.3579	0.10902
0.9008	0.0746	9.3659	0.10903
0.9035	0.0744	9.3739	0.10903
0.9062	0.0741	9.3819	0.10904
0.909	0.0738	9.3898	0.10904
0.9117	0.0735	9.3978	0.10905
0.9144	0.0732	9.4057	0.10905
0.9172	0.0729	9.4136	0.10906
0.9199	0.0726	9.4215	0.10907
0.9227	0.0723	9.4294	0.10907
0.9254	0.072	9.4373	0.10908
0.9281	0.0718	9.4452	0.10908
0.9309	0.0715	9.453	0.10909
0.9336	0.0712	9.4609	0.1091
0.9363	0.0709	9.4687	0.1091
0.9391	0.0706	9.4765	0.10911
0.9418	0.0703	9.4844	0.10911
0.9446	0.0701	9.4922	0.10912
0.9473	0.0698	9.4999	0.10913
0.95	0.0695	9.5077	0.10913
0.9528	0.0692	9.5155	0.10914
0.9555	0.0689	9.5232	0.10915
0.9582	0.0686	9.531	0.10915
0.961	0.0684	9.5387	0.10916
0.9637	0.0681	9.5464	0.10916
0.9665	0.0678	9.5542	0.10917
0.9692	0.0675	9.5619	0.10918
0.9719	0.0672	9.5696	0.10918
0.9747	0.067	9.5772	0.10919
0.9774	0.0667	9.5849	0.1092
0.9802	0.0664	9.5926	0.1092
0.9829	0.0661	9.6002	0.10921
0.9856	0.0659	9.6079	0.10922
0.9884	0.0656	9.6155	0.10922
0.9911	0.0653	9.6231	0.10923
0.9938	0.065	9.6308	0.10924
0.9966	0.0648	9.6384	0.10925
0.9993	0.0645	9.646	0.10925
1.0021	0.0642	9.6535	0.10926
1.0048	0.064	9.6611	0.10927
1.0075	0.0637	9.6687	0.10927
1.0103	0.0634	9.6763	0.10928
1.013	0.0631	9.6838	0.10929
1.0157	0.0629	9.6914	0.1093
1.0185	0.0626	9.6989	0.1093
1.0212	0.0623	9.7064	0.10931
1.024	0.0621	9.7139	0.10932
1.0267	0.0618	9.7214	0.10933
1.0294	0.0615	9.7289	0.10933
1.0322	0.0613	9.7364	0.10934
1.0349	0.061	9.7439	0.10935
1.0376	0.0607	9.7514	0.10936
1.0404	0.0605	9.7588	0.10936
1.0431	0.0602	9.7663	0.10937
1.0459	0.0599	9.7738	0.10938
1.0486	0.0597	9.7812	0.10939
1.0513	0.0594	9.7886	0.10939
1.0541	0.0591	9.796	0.1094
1.0568	0.0589	9.8035	0.10941
1.0595	0.0586	9.8109	0.10942
1.0623	0.0583	9.8183	0.10943
1.065	0.0581	9.8257	0.10943
1.0678	0.0578	9.833	0.10944
1.0705	0.0576	9.8404	0.10945
1.0732	0.0573	9.8478	0.10946
1.076	0.057	9.8551	0.10947
1.0787	0.0568	9.8625	0.10948
1.0815	0.0565	9.8699	0.10948
1.0842	0.0563	9.8772	0.10949
1.0869	0.056	9.8845	0.1095
1.0897	0.0557	9.8918	0.10951
1.0924	0.0555	9.8992	0.10952
1.0951	0.0552	9.9065	0.10953
1.0979	0.055	9.9138	0.10954
1.1006	0.0547	9.9211	0.10954
1.1034	0.0545	9.9284	0.10955
1.1061	0.0542	9.9357	0.10956
1.1088	0.054	9.9429	0.10957
1.1116	0.0537	9.9502	0.10958
1.1143	0.0534	9.9575	0.10959
1.117	0.0532	9.9647	0.1096
1.1198	0.0529	9.972	0.10961
1.1225	0.0527	9.9792	0.10961
1.1253	0.0524	9.9865	0.10962
1.128	0.0522	9.9937	0.10963
1.1307	0.0519	10.0009	0.10964
1.1335	0.0517	10.0082	0.10965
1.1362	0.0514	10.0154	0.10966
1.1389	0.0512	10.0226	0.10967
1.1417	0.0509	10.0298	0.10968
1.1444	0.0507	10.037	0.10969
1.1472	0.0504	10.0442	0.1097
1.1499	0.0502	10.0514	0.10971
1.1526	0.0499	10.0586	0.10971
1.1554	0.0497	10.0657	0.10972
1.1581	0.0494	10.0729	0.10973
1.1608	0.0492	10.0801	0.10974
1.1636	0.0489	10.0872	0.10975
1.1663	0.0487	10.0944	0.10976
1.1691	0.0484	10.1015	0.10977
1.1718	0.0482	10.1087	0.10978
1.1745	0.0479	10.1158	0.10979
1.1773	0.0477	10.123	0.1098
1.18	0.0475	10.1301	0.10981
1.1828	0.0472	10.1372	0.10982
1.1855	0.047	10.1443	0.10983
1.1882	0.0467	10.1515	0.10984
1.191	0.0465	10.1586	0.10985
1.1937	0.0462	10.1657	0.10986
1.1964	0.046	10.1728	0.10987
1.1992	0.0458	10.1799	0.10988
1.2019	0.0455	10.187	0.10989
1.2047	0.0453	10.1941	0.1099
1.2074	0.045	10.2011	0.10991
1.2101	0.0448	10.2082	0.10992
1.2129	0.0445	10.2153	0.10993
1.2156	0.0443	10.2224	0.10994
1.2183	0.0441	10.2294	0.10995
1.2211	0.0438	10.2365	0.10996
1.2238	0.0436	10.2435	0.10997
1.2266	0.0433	10.2506	0.10998
1.2293	0.0431	10.2576	0.10999
1.232	0.0429	10.2647	0.11
1.2348	0.0426	10.2717	0.11001
1.2375	0.0424	10.2788	0.11002
1.2402	0.0422	10.2858	0.11003
1.243	0.0419	10.2928	0.11005
1.2457	0.0417	10.2998	0.11006
1.2485	0.0414	10.3069	0.11007
1.2512	0.0412	10.3139	0.11008
1.2539	0.041	10.3209	0.11009
1.2567	0.0407	10.3279	0.1101
1.2594	0.0405	10.3349	0.11011
1.2621	0.0403	10.3419	0.11012
1.2649	0.04	10.3489	0.11013
1.2676	0.0398	10.3559	0.11014
1.2704	0.0396	10.3629	0.11015
1.2731	0.0393	10.3699	0.11016
1.2758	0.0391	10.3769	0.11017
1.2786	0.0389	10.3839	0.11019
1.2813	0.0386	10.3908	0.1102
1.2841	0.0384	10.3978	0.11021
1.2868	0.0382	10.4048	0.11022
1.2895	0.0379	10.4118	0.11023
1.2923	0.0377	10.4187	0.11024
1.295	0.0375	10.4257	0.11025
1.2977	0.0373	10.4326	0.11026
1.3005	0.037	10.4396	0.11027
1.3032	0.0368	10.4465	0.11029
1.306	0.0366	10.4535	0.1103
1.3087	0.0363	10.4604	0.11031
1.3114	0.0361	10.4674	0.11032
1.3142	0.0359	10.4743	0.11033
1.3169	0.0357	10.4813	0.11034
1.3196	0.0354	10.4882	0.11035
1.3224	0.0352	10.4951	0.11037
1.3251	0.035	10.502	0.11038
1.3279	0.0347	10.509	0.11039
1.3306	0.0345	10.5159	0.1104
1.3333	0.0343	10.5228	0.11041
1.3361	0.0341	10.5297	0.11042
1.3388	0.0338	10.5366	0.11044
1.3415	0.0336	10.5435	0.11045
1.3443	0.0334	10.5505	0.11046
1.347	0.0332	10.5574	0.11047
1.3498000000000001	0.0329	10.5643	0.11048
1.3525	0.0327	10.5712	0.1105
1.3552	0.0325	10.578	0.11051
1.358	0.0323	10.5849	0.11052
1.3607	0.032	10.5918	0.11053
1.3634	0.0318	10.5987	0.11054
1.3662	0.0316	10.6056	0.11056
1.3689	0.0314	10.6125	0.11057
1.3717	0.0312	10.6193	0.11058
1.3744	0.0309	10.6262	0.11059
1.3771	0.0307	10.6331	0.1106
1.3799	0.0305	10.6399	0.11062
1.3826	0.0303	10.6468	0.11063
1.3854	0.03	10.6537	0.11064
1.3881	0.0298	10.6605	0.11065
1.3908	0.0296	10.6674	0.11067
1.3936	0.0294	10.6742	0.11068
1.3963	0.0292	10.6811	0.11069
1.399	0.0289	10.6879	0.1107
1.4018	0.0287	10.6948	0.11072
1.4045	0.0285	10.7016	0.11073
1.4073	0.0283	10.7084	0.11074
1.41	0.0281	10.7153	0.11075
1.4127	0.0279	10.7221	0.11077
1.4155	0.0276	10.7289	0.11078
1.4182	0.0274	10.7357	0.11079
1.4209	0.0272	10.7426	0.11081
1.4237	0.027	10.7494	0.11082
1.4264	0.0268	10.7562	0.11083
1.4292	0.0266	10.763	0.11084
1.4319	0.0263	10.7698	0.11086
1.4346	0.0261	10.7766	0.11087
1.4374	0.0259	10.7835	0.11088
1.4401	0.0257	10.7903	0.1109
1.4428	0.0255	10.7971	0.11091
1.4456	0.0253	10.8039	0.11092
1.4483	0.025	10.8107	0.11094
1.4511	0.0248	10.8174	0.11095
1.4538	0.0246	10.8242	0.11096
1.4565	0.0244	10.831	0.11098
1.4593	0.0242	10.8378	0.11099
1.462	0.024	10.8446	0.111
1.4648	0.0238	10.8514	0.11102
1.4675	0.0236	10.8582	0.11103
1.4702	0.0233	10.8649	0.11104
1.473	0.0231	10.8717	0.11106
1.4757	0.0229	10.8785	0.11107
1.4784	0.0227	10.8852	0.11108
1.4812	0.0225	10.892	0.1111
1.4839	0.0223	10.8988	0.11111
1.4867	0.0221	10.9055	0.11113
1.4894	0.0219	10.9123	0.11114
1.4921	0.0217	10.9191	0.11115
1.4949	0.0214	10.9258	0.11117
1.4976	0.0212	10.9326	0.11118
1.5003	0.021	10.9393	0.1112
1.5031	0.0208	10.9461	0.11121
1.5058	0.0206	10.9528	0.11122
1.5086	0.0204	10.9596	0.11124
1.5113	0.0202	10.9663	0.11125
1.514	0.02	10.973	0.11127
1.5168	0.0198	10.9798	0.11128
1.5195	0.0196	10.9865	0.11129
1.5222	0.0194	10.9932	0.11131
1.525	0.0192	11	0.11132
1.5277	0.0189	11.0067	0.11134
1.5305	0.0187	11.0134	0.11135
1.5332	0.0185	11.0202	0.11137
1.5359	0.0183	11.0269	0.11138
1.5387	0.0181	11.0336	0.11139
1.5414	0.0179	11.0403	0.11141
1.5441	0.0177	11.047	0.11142
1.5469	0.0175	11.0537	0.11144
1.5496	0.0173	11.0605	0.11145
1.5524	0.0171	11.0672	0.11147
1.5551	0.0169	11.0739	0.11148
1.5578	0.0167	11.0806	0.1115
1.5606	0.0165	11.0873	0.11151
1.5633	0.0163	11.094	0.11153
1.5661	0.0161	11.1007	0.11154
1.5688	0.0159	11.1074	0.11156
1.5715	0.0157	11.1141	0.11157
1.5743	0.0155	11.1208	0.11159
1.577	0.0153	11.1275	0.1116
1.5797	0.0151	11.1342	0.11162
1.5825	0.0149	11.1409	0.11163
1.5852	0.0147	11.1476	0.11165
1.588	0.0144	11.1543	0.11166
1.5907	0.0142	11.161	0.11168
1.5934	0.014	11.1676	0.11169
1.5962	0.0138	11.1743	0.11171
1.5989	0.0136	11.181	0.11172
1.6016	0.0134	11.1877	0.11174
1.6044	0.0132	11.1944	0.11175
1.6071	0.013	11.2011	0.11177
1.6099	0.0128	11.2077	0.11178
1.6126	0.0126	11.2144	0.1118
1.6153	0.0124	11.2211	0.11182
1.6181	0.0122	11.2278	0.11183
1.6208	0.012	11.2345	0.11185
1.6235	0.0118	11.2411	0.11186
1.6263	0.0116	11.2478	0.11188
1.629	0.0114	11.2545	0.11189
1.6318	0.0112	11.2612	0.11191
1.6345	0.0111	11.2678	0.11192
1.6372	0.0109	11.2745	0.11194
1.64	0.0107	11.2812	0.11196
1.6427	0.0105	11.2878	0.11197
1.6454	0.0103	11.2945	0.11199
1.6482	0.0101	11.3012	0.112
1.6509	0.0099	11.3078	0.11202
1.6537	0.0097	11.3145	0.11204
1.6564	0.0095	11.3212	0.11205
1.6591	0.0093	11.3278	0.11207
1.6619	0.0091	11.3345	0.11208
1.6646	0.0089	11.3412	0.1121
1.6674	0.0087	11.3478	0.11212
1.6701	0.0085	11.3545	0.11213
1.6728	0.0083	11.3612	0.11215
1.6756	0.0081	11.3678	0.11216
1.6783	0.0079	11.3745	0.11218
1.681	0.0077	11.3811	0.1122
1.6838	0.0075	11.3878	0.11221
1.6865	0.0073	11.3945	0.11223
1.6893	0.0071	11.4011	0.11224
1.692	0.0069	11.4078	0.11226
1.6947	0.0067	11.4144	0.11228
1.6975	0.0066	11.4211	0.11229
1.7002	0.0064	11.4277	0.11231
1.7029	0.0062	11.4344	0.11233
1.7057	0.006	11.441	0.11234
1.7084	0.0058	11.4477	0.11236
1.7112	0.0056	11.4543	0.11238
1.7139	0.0054	11.461	0.11239
1.7166	0.0052	11.4676	0.11241
1.7194	0.005	11.4743	0.11243
1.7221	0.0048	11.4809	0.11244
1.7248000000000001	0.0046	11.4876	0.11246
1.7276	0.0044	11.4942	0.11248
1.7303	0.0043	11.5009	0.11249
1.7331	0.0041	11.5075	0.11251
1.7358	0.0039	11.5142	0.11253
1.7385	0.0037	11.5208	0.11254
1.7413	0.0035	11.5274	0.11256
1.744	0.0033	11.5341	0.11258
1.7467	0.0031	11.5407	0.11259
1.7495	0.0029	11.5474	0.11261
1.7522	0.0027	11.554	0.11263
1.755	0.0025	11.5606	0.11265
1.7577	0.0024	11.5673	0.11266
1.7604	0.0022	11.5739	0.11268
1.7632	0.002	11.5806	0.1127
1.7659	0.0018	11.5872	0.11271
1.7687	0.0016	11.5938	0.11273
1.7714	0.0014	11.6005	0.11275
1.7741	0.0012	11.6071	0.11276
1.7769	0.001	11.6137	0.11278
1.7796	8e-4	11.6204	0.1128
1.7823	7e-4	11.627	0.11282
1.7851	5e-4	11.6336	0.11283
1.7878	3e-4	11.6403	0.11285
1.7906	1e-4	11.6469	0.11287
1.7933	-1e-4	11.6535	0.11289
1.796	-3e-4	11.6601	0.1129
1.7988	-5e-4	11.6668	0.11292
1.8015	-6e-4	11.673400000000001	0.11294
1.8042	-8e-4	11.68	0.11296
1.807	-0.001	11.6866	0.11297
1.8097	-0.0012	11.6933	0.11299
1.8125	-0.0014	11.6999	0.11301
1.8152	-0.0016	11.7065	0.11303
1.8179	-0.0018	11.7131	0.11304
1.8207	-0.0019	11.7198	0.11306
1.8234	-0.0021	11.7264	0.11308
1.8261	-0.0023	11.733	0.1131
1.8289	-0.0025	11.7396	0.11311
1.8316	-0.0027	11.7462	0.11313
1.8344	-0.0029	11.7528	0.11315
1.8371	-0.003	11.7595	0.11317
1.8398	-0.0032	11.7661	0.11318
1.8426	-0.0034	11.7727	0.1132
1.8453	-0.0036	11.7793	0.11322
1.848	-0.0038	11.7859	0.11324
1.8508	-0.004	11.7925	0.11326
1.8535	-0.0041	11.7991	0.11327
1.8563	-0.0043	11.8057	0.11329
1.859	-0.0045	11.8124	0.11331
1.8617	-0.0047	11.819	0.11333
1.8645	-0.0049	11.8256	0.11335
1.8672	-0.0051	11.8322	0.11336
1.87	-0.0052	11.8388	0.11338
1.8727	-0.0054	11.8454	0.1134
1.8754	-0.0056	11.852	0.11342000000000001
1.8782	-0.0058	11.8586	0.11344
1.8809	-0.006	11.8652	0.11345
1.8836	-0.0061	11.8718	0.11347
1.8864	-0.0063	11.8784	0.11349
1.8891	-0.0065	11.885	0.11351
1.8919	-0.0067	11.8916	0.11353
1.8946	-0.0069	11.8982	0.11354
1.8973	-0.007	11.9048	0.11356
1.9001	-0.0072	11.9114	0.11358
1.9028	-0.0074	11.918	0.1136
1.9055	-0.0076	11.9246	0.11362
1.9083	-0.0078	11.9312	0.11364
1.911	-0.0079	11.9378	0.11365
1.9138	-0.0081	11.9444	0.11367
1.9165	-0.0083	11.951	0.11369
1.9192	-0.0085	11.9576	0.11371
1.922	-0.0087	11.9642	0.11373
1.9247	-0.0088	11.9707	0.11375
1.9274	-0.009	11.9773	0.11376
1.9302	-0.0092	11.9839	0.11378
1.9329	-0.0094	11.9905	0.1138
1.9357	-0.0095	11.9971	0.11382
1.9384	-0.0097	12.0037	0.11384
1.9411	-0.0099	12.0103	0.11386
1.9439	-0.0101	12.0168	0.11388
1.9466	-0.0102	12.0234	0.11389
1.9493	-0.0104	12.03	0.11391
1.9521	-0.0106	12.0366	0.11393
1.9548	-0.0108	12.0431	0.11395
1.9576	-0.011	12.0497	0.11397
1.9603	-0.0111	12.0563	0.11399
1.963	-0.0113	12.0629	0.11401
1.9658	-0.0115	12.0694	0.11403
1.9685	-0.0117	12.076	0.11404
1.9713	-0.0118	12.0826	0.11406
1.974	-0.012	12.0891	0.11408
1.9767	-0.0122	12.0957	0.1141
1.9795	-0.0124	12.1023	0.11412
1.9822	-0.0125	12.1088	0.11414
1.9849	-0.0127	12.1154	0.11416
1.9877	-0.0129	12.122	0.11418
1.9904	-0.0131	12.1285	0.1142
1.9932	-0.0132	12.1351	0.11421
1.9959	-0.0134	12.1416	0.11423
1.9986	-0.0136	12.1482	0.11425
2.0014	-0.0137	12.1548	0.11427
2.0041	-0.0139	12.1613	0.11429
2.0068	-0.0141	12.1679	0.11431
2.0096	-0.0143	12.1744	0.11433
2.0123	-0.0144	12.181	0.11435
2.0151	-0.0146	12.1875	0.11437
2.0178	-0.0148	12.1941	0.11439
2.0205	-0.015	12.2006	0.1144
2.0233	-0.0151	12.2072	0.11442
2.026	-0.0153	12.2137	0.11444
2.0287	-0.0155	12.2202	0.11446
2.0315	-0.0156	12.2268	0.11448
2.0342	-0.0158	12.2333	0.1145
2.037	-0.016	12.2398	0.11452
2.0397	-0.0162	12.2464	0.11454
2.0424	-0.0163	12.2529	0.11456
2.0452	-0.0165	12.2594	0.11458
2.0479	-0.0167	12.266	0.1146
2.0507	-0.0168	12.2725	0.11462
2.0534	-0.017	12.279	0.11464
2.0561	-0.0172	12.2855	0.11465
2.0589	-0.0174	12.292	0.11467
2.0616	-0.0175	12.2986	0.11469
2.0643	-0.0177	12.3051	0.11471
2.0671	-0.0179	12.3116	0.11473
2.0698	-0.018	12.3181	0.11475
2.0726	-0.0182	12.3246	0.11477
2.0753	-0.0184	12.3311	0.11479
2.078	-0.0185	12.3376	0.11481
2.0808	-0.0187	12.3441	0.11483
2.0835	-0.0189	12.3506	0.11485
2.0862	-0.0191	12.3571	0.11487
2.089	-0.0192	12.3636	0.11489
2.0917	-0.0194	12.3701	0.11491
2.0945	-0.0196	12.3766	0.11493
2.0972	-0.0197	12.383	0.11495
2.0999	-0.0199	12.3895	0.11497
2.1027	-0.0201	12.396	0.11498
2.1054	-0.0202	12.4025	0.115
2.1081	-0.0204	12.409	0.11502
2.1109	-0.0206	12.4154	0.11504
2.1136	-0.0207	12.4219	0.11506
2.1164	-0.0209	12.4284	0.11508
2.1191	-0.0211	12.4348	0.1151
2.1218	-0.0212	12.4413	0.11512
2.1246	-0.0214	12.4477	0.11514
2.1273	-0.0216	12.4542	0.11516
2.13	-0.0217	12.4606	0.11518
2.1328	-0.0219	12.4671	0.1152
2.1355	-0.0221	12.4735	0.11522
2.1383	-0.0222	12.48	0.11524
2.141	-0.0224	12.4864	0.11526
2.1437	-0.0226	12.4929	0.11528
2.1465	-0.0227	12.4993	0.1153
2.1492	-0.0229	12.5057	0.11532
2.152	-0.0231	12.5121	0.11534
2.1547	-0.0232	12.5186	0.11536
2.1574	-0.0234	12.525	0.11538
2.1602	-0.0236	12.5314	0.1154
2.1629	-0.0237	12.5378	0.11542
2.1656	-0.0239	12.5442	0.11544
2.1684	-0.0241	12.5506	0.11545
2.1711	-0.0242	12.557	0.11547
2.1739	-0.0244	12.5634	0.11549
2.1766	-0.0246	12.5698	0.11551
2.1793	-0.0247	12.5762	0.11553
2.1821	-0.0249	12.5826	0.11555
2.1848	-0.025	12.589	0.11557
2.1875	-0.0252	12.5954	0.11559
2.1903	-0.0254	12.6018	0.11561
2.193	-0.0255	12.6082	0.11563
2.1958	-0.0257	12.6145	0.11565
2.1985	-0.0259	12.6209	0.11567
2.2012	-0.026	12.6273	0.11569
2.204	-0.0262	12.6336	0.11571
2.2067	-0.0264	12.64	0.11573
2.2094	-0.0265	12.6464	0.11575
2.2122	-0.0267	12.6527	0.11577
2.2149	-0.0268	12.6591	0.11579
2.2177	-0.027	12.6654	0.11581
2.2204	-0.0272	12.6718	0.11583
2.2231	-0.0273	12.6781	0.11585
2.2259	-0.0275	12.6844	0.11587
2.2286	-0.0277	12.6908	0.11589
2.2313	-0.0278	12.6971	0.11591
2.2341	-0.028	12.7034	0.11593
2.2368	-0.0281	12.7098	0.11595
2.2396	-0.0283	12.7161	0.11597
2.2423	-0.0285	12.7224	0.11599
2.245	-0.0286	12.7287	0.11601
2.2478	-0.0288	12.735	0.11602
2.2505	-0.0289	12.7413	0.11604
2.2533	-0.0291	12.7476	0.11606
2.256	-0.0293	12.7539	0.11608
2.2587	-0.0294	12.7602	0.1161
2.2615	-0.0296	12.7665	0.11612
2.2642	-0.0297	12.7728	0.11614
2.2669	-0.0299	12.7791	0.11616
2.2697	-0.0301	12.7854	0.11618
2.2724	-0.0302	12.7916	0.1162
2.2752	-0.0304	12.7979	0.11622
2.2779	-0.0305	12.8042	0.11624
2.2806	-0.0307	12.8104	0.11626
2.2834	-0.0309	12.8167	0.11628
2.2861	-0.031	12.823	0.1163
2.2888	-0.0312	12.8292	0.11632
2.2916	-0.0313	12.8355	0.11634
2.2943	-0.0315	12.8417	0.11636
2.2971	-0.0317	12.848	0.11638
2.2998	-0.0318	12.8542	0.1164
2.3025	-0.032	12.8604	0.11642
2.3053	-0.0321	12.8667	0.11644
2.308	-0.0323	12.8729	0.11646
2.3107	-0.0324	12.8791	0.11647
2.3135	-0.0326	12.8853	0.11649
2.3162	-0.0328	12.8915	0.11651
2.319	-0.0329	12.8978	0.11653
2.3217	-0.0331	12.904	0.11655
2.3244	-0.0332	12.9102	0.11656999999999999
2.3272	-0.0334	12.9164	0.11659
2.3299	-0.0336	12.9226	0.11661
2.3326	-0.0337	12.9288	0.11663
2.3354	-0.0339	12.935	0.11665
2.3381	-0.034	12.9411	0.11667
2.3409	-0.0342	12.9473	0.11669
2.3436	-0.0343	12.9535	0.11671
2.3463	-0.0345	12.9597	0.11673
2.3491	-0.0346	12.9658	0.11675
2.3518	-0.0348	12.972	0.11677
2.3546	-0.035	12.9782	0.11679
2.3573	-0.0351	12.9843	0.11681
2.36	-0.0353	12.9905	0.11683
2.3628	-0.0354	12.9966	0.11684
2.3655	-0.0356	13.0028	0.11686
2.3682	-0.0357	13.0089	0.11688
2.371	-0.0359	13.0151	0.1169
2.3737	-0.0361	13.0212	0.11692
2.3765	-0.0362	13.0273	0.11694
2.3792	-0.0364	13.0334	0.11696
2.3819	-0.0365	13.0396	0.11698
2.3847	-0.0367	13.0457	0.117
2.3874	-0.0368	13.0518	0.11702
2.3901	-0.037	13.0579	0.11704
2.3929	-0.0371	13.064	0.11706
2.3956	-0.0373	13.0701	0.11708
2.3984	-0.0374	13.0762	0.1171
2.4011	-0.0376	13.0823	0.11712
2.4038	-0.0378	13.0884	0.11713
2.4066	-0.0379	13.0945	0.11715
2.4093	-0.0381	13.1006	0.11717
2.412	-0.0382	13.1067	0.11719
2.4148	-0.0384	13.1127	0.11721
2.4175	-0.0385	13.1188	0.11723
2.4203	-0.0387	13.1249	0.11725
2.423	-0.0388	13.131	0.11727
2.4257	-0.039	13.137	0.11729
2.4285	-0.0391	13.1431	0.11731
2.4312	-0.0393	13.1491	0.11733
2.4339	-0.0394	13.1552	0.11735
2.4367	-0.0396	13.1612	0.11737
2.4394	-0.0397	13.1673	0.11739
2.4422	-0.0399	13.1733	0.1174
2.4449	-0.0401	13.1793	0.11742
2.4476	-0.0402	13.1854	0.11744
2.4504	-0.0404	13.1914	0.11746
2.4531	-0.0405	13.1974	0.11748
2.4559	-0.0407	13.2034	0.1175
2.4586	-0.0408	13.2095	0.11752
2.4613	-0.041	13.2155	0.11754
2.4641	-0.0411	13.2215	0.11756
2.4668	-0.0413	13.2275	0.11758
2.4695	-0.0414	13.2335	0.1176
2.4723	-0.0416	13.2395	0.11762
2.475	-0.0417	13.2455	0.11763
2.4778	-0.0419	13.2515	0.11765
2.4805	-0.042	13.2575	0.11767
2.4832	-0.0422	13.2634	0.11769
2.486	-0.0423	13.2694	0.11771
2.4887	-0.0425	13.2754	0.11773
2.4914	-0.0426	13.2814	0.11775
2.4942	-0.0428	13.2873	0.11777
2.4969	-0.0429	13.2933	0.11779
2.4997	-0.0431	13.2993	0.11781
2.5024	-0.0432	13.3052	0.11783
2.5051	-0.0434	13.3112	0.11785
2.5079	-0.0435	13.3171	0.11786
2.5106	-0.0437	13.3231	0.11788
2.5133	-0.0438	13.329	0.1179
2.5161	-0.044	13.335	0.11792
2.5188	-0.0441	13.3409	0.11794
2.5216	-0.0443	13.3468	0.11796
2.5243	-0.0444	13.3528	0.11798
2.527	-0.0446	13.3587	0.118
2.5298	-0.0447	13.3646	0.11802
2.5325	-0.0449	13.3705	0.11804
2.5352	-0.045	13.3765	0.11805
2.538	-0.0452	13.3824	0.11807
2.5407	-0.0453	13.3883	0.11809
2.5435	-0.0455	13.3942	0.11811
2.5462	-0.0456	13.4001	0.11813
2.5489	-0.0458	13.406	0.11815
2.5517	-0.0459	13.4119	0.11817
2.5544	-0.0461	13.4178	0.11819
2.5572	-0.0462	13.4237	0.11821
2.5599	-0.0464	13.4296	0.11823
2.5626	-0.0465	13.4354	0.11825
2.5654	-0.0466	13.4413	0.11826
2.5681	-0.0468	13.4472	0.11828
2.5708	-0.0469	13.4531	0.1183
2.5736	-0.0471	13.4589	0.11832
2.5763	-0.0472	13.4648	0.11834
2.5791	-0.0474	13.4707	0.11836
2.5818	-0.0475	13.4765	0.11838
2.5845	-0.0477	13.4824	0.1184
2.5873	-0.0478	13.4883	0.11842
2.59	-0.048	13.4941	0.11843
2.5927	-0.0481	13.5	0.11845
2.5955	-0.0483	13.5058	0.11847
2.5982	-0.0484	13.5116	0.11849
2.601	-0.0486	13.5175	0.11851
2.6037	-0.0487	13.5233	0.11853
2.6064	-0.0489	13.5291	0.11855
2.6092	-0.049	13.535	0.11857
2.6119	-0.0491	13.5408	0.11859
2.6146	-0.0493	13.5466	0.1186
2.6174	-0.0494	13.5524	0.11862
2.6201	-0.0496	13.5583	0.11864
2.6229	-0.0497	13.5641	0.11866
2.6256	-0.0499	13.5699	0.11868
2.6283	-0.05	13.5757	0.1187
2.6311	-0.0502	13.5815	0.11872
2.6338	-0.0503	13.5873	0.11874
2.6366	-0.0505	13.5931	0.11876
2.6393	-0.0506	13.5989	0.11877
2.642	-0.0507	13.6047	0.11879
2.6448	-0.0509	13.6105	0.11881
2.6475	-0.051	13.6163	0.11883
2.6502	-0.0512	13.622	0.11885
2.653	-0.0513	13.6278	0.11887
2.6557	-0.0515	13.6336	0.11889
2.6585	-0.0516	13.6394	0.11891
2.6612	-0.0518	13.6452	0.11892
2.6639	-0.0519	13.6509	0.11894
2.6667	-0.052	13.6567	0.11896
2.6694	-0.0522	13.6625	0.11898
2.6721	-0.0523	13.6682	0.119
2.6749	-0.0525	13.674	0.11902
2.6776	-0.0526	13.6797	0.11904000000000001
2.6804	-0.0528	13.6855	0.11906
2.6831	-0.0529	13.6912	0.11907
2.6858	-0.053	13.697	0.11909
2.6886	-0.0532	13.7027	0.11911
2.6913	-0.0533	13.7085	0.11913
2.694	-0.0535	13.7142	0.11915
2.6968	-0.0536	13.7199	0.11917
2.6995	-0.0538	13.7257	0.11919
2.7023	-0.053900000000000003	13.7314	0.1192
2.705	-0.054	13.7371	0.11922
2.7077	-0.0542	13.7429	0.11924
2.7105	-0.0543	13.7486	0.11926
2.7132	-0.0545	13.7543	0.11928
2.7159	-0.0546	13.76	0.1193
2.7187	-0.0548	13.7657	0.11932
2.7214	-0.0549	13.7715	0.11933
2.7242	-0.055	13.7772	0.11935
2.7269	-0.0552	13.7829	0.11937
2.7296	-0.0553	13.7886	0.11939
2.7324	-0.0555	13.7943	0.11941
2.7351	-0.0556	13.8	0.11943
2.7379	-0.0558	13.8057	0.11945
2.7406	-0.0559	13.8114	0.11946
2.7433	-0.056	13.8171	0.11948
2.7461	-0.0562	13.8228	0.1195
2.7488	-0.0563	13.8285	0.11952
2.7515	-0.0565	13.8341	0.11954
2.7543	-0.0566	13.8398	0.11956
2.757	-0.0567	13.8455	0.11957
2.7598	-0.0569	13.8512	0.11959
2.7625	-0.057	13.8569	0.11961
2.7652	-0.0572	13.8625	0.11963
2.768	-0.0573	13.8682	0.11965
2.7707	-0.0574	13.8739	0.11967
2.7734	-0.0576	13.8796	0.11968
2.7762	-0.0577	13.8852	0.1197
2.7789	-0.0579	13.8909	0.11972
2.7817	-0.058	13.8966	0.11974
2.7844	-0.0581	13.9022	0.11976
2.7871	-0.0583	13.9079	0.11978
2.7899	-0.0584	13.9135	0.11979
2.7926	-0.0586	13.9192	0.11981
2.7953	-0.0587	13.9248	0.11983
2.7981	-0.0588	13.9305	0.11985
2.8008	-0.059	13.9361	0.11987
2.8036	-0.0591	13.9418	0.11988
2.8063	-0.0593	13.9474	0.1199
2.809	-0.0594	13.9531	0.11992
2.8118	-0.0595	13.9587	0.11994
2.8145	-0.0597	13.9644	0.11996
2.8172	-0.0598	13.97	0.11998
2.82	-0.06	13.9756	0.11999
2.8227	-0.0601	13.9813	0.12001
2.8255	-0.0602	13.9869	0.12003
2.8282	-0.0604	13.9925	0.12005
2.8309	-0.0605	13.9982	0.12007
2.8337	-0.0607	14.0038	0.12008
2.8364	-0.0608	14.0094	0.1201
2.8392	-0.0609	14.015	0.12012
2.8419	-0.0611	14.0207	0.12014
2.8446	-0.0612	14.0263	0.12016
2.8474	-0.0613	14.0319	0.12017
2.8501	-0.0615	14.0375	0.12019
2.8528	-0.0616	14.0431	0.12021
2.8556	-0.0618	14.0488	0.12023
2.8583	-0.0619	14.0544	0.12025
2.8611	-0.062	14.06	0.12026
2.8638	-0.0622	14.0656	0.12028
2.8665	-0.0623	14.0712	0.1203
2.8693	-0.0624	14.0768	0.12032
2.872	-0.0626	14.0824	0.12033
2.8747	-0.0627	14.088	0.12035
2.8775	-0.0629	14.0936	0.12037
2.8802	-0.063	14.0992	0.12039
2.883	-0.0631	14.1048	0.12041
2.8857	-0.0633	14.1104	0.12042
2.8884	-0.0634	14.116	0.12044
2.8912	-0.0635	14.1216	0.12046
2.8939	-0.0637	14.1272	0.12048
2.8966	-0.0638	14.1328	0.1205
2.8994	-0.0639	14.1384	0.12051
2.9021	-0.0641	14.144	0.12053
2.9049	-0.0642	14.1495	0.12055
2.9076	-0.0644	14.1551	0.12057
2.9103	-0.0645	14.1607	0.12058
2.9131	-0.0646	14.1663	0.1206
2.9158	-0.0648	14.1719	0.12062
2.9185	-0.0649	14.1775	0.12064
2.9213	-0.065	14.183	0.12065
2.924	-0.0652	14.1886	0.12067
2.9268	-0.0653	14.1942	0.12069
2.9295	-0.0654	14.1998	0.12071
2.9322	-0.0656	14.2053	0.12073
2.935	-0.0657	14.2109	0.12074
2.9377	-0.0658	14.2165	0.12076
2.9405	-0.066	14.2221	0.12078
2.9432	-0.0661	14.2276	0.1208
2.9459	-0.0663	14.2332	0.12081
2.9487	-0.0664	14.2388	0.12083
2.9514	-0.0665	14.2443	0.12085
2.9541	-0.0667	14.2499	0.12087
2.9569	-0.0668	14.2554	0.12088
2.9596	-0.0669	14.261	0.1209
2.9624	-0.0671	14.2666	0.12092
2.9651	-0.0672	14.2721	0.12094
2.9678	-0.0673	14.2777	0.12095
2.9706	-0.0675	14.2832	0.12097
2.9733	-0.0676	14.2888	0.12099
2.976	-0.0677	14.2944	0.12101
2.9788	-0.0679	14.2999	0.12102
2.9815	-0.068	14.3055	0.12104
2.9843	-0.0681	14.311	0.12106
2.987	-0.0683	14.3166	0.12108
2.9897	-0.0684	14.3221	0.12109
2.9925	-0.0685	14.3277	0.12111
2.9952	-0.0687	14.3332	0.12113
2.9979	-0.0688	14.3387	0.12115
3.0007	-0.0689	14.3443	0.12116
3.0034	-0.0691	14.3498	0.12118
3.0062	-0.0692	14.3554	0.1212
3.0089	-0.0693	14.360900000000001	0.12121
3.0116	-0.0695	14.3665	0.12123
3.0144	-0.0696	14.372	0.12125
3.0171	-0.0697	14.3775	0.12127
3.0198	-0.0699	14.3831	0.12128
3.0226	-0.07	14.3886	0.1213
3.0253	-0.0701	14.3942	0.12132
3.0281	-0.0703	14.3997	0.12134
3.0308	-0.0704	14.4052	0.12135
3.0335	-0.0705	14.4108	0.12137
3.0363	-0.0707	14.4163	0.12139
3.039	-0.0708	14.4218	0.12141
3.0418	-0.0709	14.4274	0.12142
3.0445	-0.0711	14.4329	0.12144
3.0472	-0.0712	14.4384	0.12146
3.05	-0.0713	14.4439	0.12147
3.0527	-0.0715	14.4495	0.12149
3.0554	-0.0716	14.455	0.12151
3.0582	-0.0717	14.4605	0.12153
3.0609	-0.0718	14.4661	0.12154
3.0637	-0.072	14.4716	0.12156
3.0664	-0.0721	14.4771	0.12158
3.0691	-0.0722	14.4826	0.12159
3.0719	-0.0724	14.4881	0.12161
3.0746000000000002	-0.0725	14.4937	0.12163
3.0773	-0.0726	14.4992	0.12165
3.0801	-0.0728	14.5047	0.12166
3.0828	-0.0729	14.5102	0.12168
3.0856	-0.073	14.5158	0.1217
3.0883	-0.0732	14.5213	0.12171
3.091	-0.0733	14.5268	0.12173
3.0938	-0.0734	14.5323	0.12175
3.0965	-0.0736	14.5378	0.12177
3.0992	-0.0737	14.5433	0.12178
3.102	-0.0738	14.5489	0.1218
3.1047	-0.0739	14.5544	0.12182
3.1075	-0.0741	14.5599	0.12183
3.1102	-0.0742	14.5654	0.12185
3.1129	-0.0743	14.5709	0.12187
3.1157	-0.0745	14.5764	0.12189
3.1184	-0.0746	14.5819	0.1219
3.1211	-0.0747	14.5875	0.12192
3.1239	-0.0749	14.593	0.12194
3.1266	-0.075	14.5985	0.12195
3.1294	-0.0751	14.604	0.12197
3.1321	-0.0752	14.6095	0.12199
3.1348	-0.0754	14.615	0.122
3.1376	-0.0755	14.6205	0.12202
3.1403	-0.0756	14.626	0.12204
3.1431	-0.0758	14.6315	0.12206
3.1458	-0.0759	14.6371	0.12207
3.1485	-0.076	14.6426	0.12209
3.1513	-0.0762	14.6481	0.12211
3.154	-0.0763	14.6536	0.12212
3.1567	-0.0764	14.6591	0.12214
3.1595	-0.0765	14.6646	0.12216
3.1622	-0.0767	14.6701	0.12217
3.165	-0.0768	14.6756	0.12218999999999999
3.1677	-0.0769	14.6811	0.12221
3.1704	-0.0771	14.6866	0.12222
3.1732	-0.0772	14.6921	0.12224
3.1759	-0.0773	14.6976	0.12226
3.1786	-0.0774	14.7032	0.12228
3.1814	-0.0776	14.7087	0.12229
3.1841	-0.0777	14.7142	0.12231
3.1869	-0.0778	14.7197	0.12233
3.1896	-0.078	14.7252	0.12234
3.1923	-0.0781	14.7307	0.12236
3.1951	-0.0782	14.7362	0.12238
3.1978	-0.0783	14.7417	0.12239
3.2005	-0.0785	14.7472	0.12241
3.2033	-0.0786	14.7527	0.12243
3.206	-0.0787	14.7582	0.12244
3.2088	-0.0788	14.7637	0.12246
3.2115	-0.079	14.7692	0.12248
3.2142	-0.0791	14.7747	0.12249
3.217	-0.0792	14.7802	0.12251
3.2197	-0.0794	14.7857	0.12253
3.2225	-0.0795	14.7912	0.12254
3.2252	-0.0796	14.7967	0.12256
3.2279	-0.0797	14.8022	0.12258
3.2307	-0.0799	14.8077	0.12259
3.2334	-0.08	14.8132	0.12261
3.2361	-0.0801	14.8187	0.12263
3.2389	-0.0802	14.8242	0.12265
3.2416	-0.0804	14.8297	0.12266
3.2444	-0.0805	14.8352	0.12268
3.2471	-0.0806	14.8407	0.1227
3.2498	-0.0808	14.8462	0.12271
3.2526	-0.0809	14.8517	0.12273
3.2553	-0.081	14.8572	0.12275
3.258	-0.0811	14.8627	0.12276
3.2608	-0.0813	14.8682	0.12278
3.2635	-0.0814	14.8737	0.1228
3.2663	-0.0815	14.8792	0.12281
3.269	-0.0816	14.8847	0.12283
3.2717	-0.0818	14.8902	0.12285
3.2745	-0.0819	14.8957	0.12286
3.2772	-0.082	14.9012	0.12288
3.2799	-0.0821	14.9067	0.1229
3.2827	-0.0823	14.9122	0.12291
3.2854	-0.0824	14.9177	0.12293
3.2882	-0.0825	14.9232	0.12295
3.2909	-0.0826	14.9287	0.12296
3.2936	-0.0828	14.9342	0.12298
3.2964	-0.0829	14.9397	0.123
3.2991	-0.083	14.9452	0.12301
3.3018	-0.0831	14.9507	0.12303
3.3046	-0.0833	14.9562	0.12305
3.3073	-0.0834	14.9617	0.12306
3.3101	-0.0835	14.9672	0.12308
3.3128	-0.0836	14.9727	0.1231
3.3155	-0.0838	14.9782	0.12311
3.3183	-0.0839	14.9837	0.12313
3.321	-0.084	14.9892	0.12315
3.3238	-0.0841	14.9947	0.12316
3.3265	-0.0843	15.0002	0.12318
3.3292	-0.0844	15.0057	0.1232
3.332	-0.0845	15.0112	0.12321
3.3347	-0.0846	15.0167	0.12323
3.3374	-0.0848	15.0222	0.12325
3.3402	-0.0849	15.0277	0.12326
3.3429	-0.085	15.0332	0.12328
3.3457	-0.0851	15.0387	0.1233
3.3484	-0.0853	15.0442	0.12331
3.3511	-0.0854	15.0497	0.12333
3.3539	-0.0855	15.0552	0.12335
3.3566	-0.0856	15.0607	0.12336
3.3593	-0.0858	15.0662	0.12338
3.3621	-0.0859	15.0717	0.1234
3.3648	-0.086	15.0772	0.12342
3.3676	-0.0861	15.0827	0.12343
3.3703	-0.0863	15.0882	0.12345
3.373	-0.0864	15.0937	0.12347
3.3758	-0.0865	15.0992	0.12348
3.3785	-0.0866	15.1047	0.1235
3.3812	-0.0868	15.1102	0.12352
3.384	-0.0869	15.1157	0.12353
3.3867	-0.087	15.1212	0.12355
3.3895	-0.0871	15.1267	0.12357
3.3922	-0.0872	15.1322	0.12358
3.3949	-0.0874	15.1377	0.1236
3.3977	-0.0875	15.1432	0.12362
3.4004	-0.0876	15.1487	0.12363
3.4031	-0.0877	15.1542	0.12365
3.4059	-0.0879	15.1596	0.12367
3.4086	-0.088	15.1651	0.12368
3.4114	-0.0881	15.1706	0.1237
3.4141	-0.0882	15.1761	0.12372
3.4168	-0.0883	15.1816	0.12373
3.4196	-0.0885	15.1871	0.12375
3.4223	-0.0886	15.1926	0.12377
3.4251	-0.0887	15.1981	0.12379
3.4278	-0.0888	15.2036	0.1238
3.4305	-0.089	15.2091	0.12382
3.4333	-0.0891	15.2146	0.12384
3.436	-0.0892	15.2201	0.12385
3.4387	-0.0893	15.2256	0.12387
3.4415	-0.0894	15.2311	0.12389
3.4442	-0.0896	15.2366	0.1239
3.447	-0.0897	15.2421	0.12392
3.4497	-0.0898	15.2476	0.12394
3.4524	-0.0899	15.2531	0.12395
3.4552	-0.0901	15.2586	0.12397
3.4579	-0.0902	15.2641	0.12399
3.4606	-0.0903	15.2696	0.12401
3.4634	-0.0904	15.2751	0.12402
3.4661	-0.0905	15.2806	0.12404
3.4689	-0.0907	15.2861	0.12406
3.4716	-0.0908	15.2916	0.12407
3.4743	-0.0909	15.2971	0.12409
3.4771	-0.091	15.3026	0.12411
3.4798	-0.0912	15.3081	0.12412
3.4825	-0.0913	15.3135	0.12414
3.4853	-0.0914	15.319	0.12416
3.488	-0.0915	15.3245	0.12418
3.4908	-0.0916	15.33	0.12419
3.4935	-0.0918	15.3355	0.12421
3.4962	-0.0919	15.341	0.12423
3.499	-0.092	15.3465	0.12424
3.5017	-0.0921	15.352	0.12426
3.5044	-0.0922	15.3575	0.12428
3.5072	-0.0924	15.363	0.1243
3.5099	-0.0925	15.3685	0.12431
3.5127	-0.0926	15.374	0.12433
3.5154	-0.0927	15.3795	0.12435
3.5181	-0.0928	15.385	0.12436
3.5209	-0.093	15.3905	0.12438
3.5236	-0.0931	15.396	0.1244
3.5264	-0.0932	15.4015	0.12442
3.5291	-0.0933	15.407	0.12443
3.5318	-0.0934	15.4125	0.12445
3.5346	-0.0936	15.4179	0.12447
3.5373	-0.0937	15.423400000000001	0.12448
3.54	-0.0938	15.4289	0.1245
3.5428	-0.0939	15.4344	0.12452
3.5455	-0.094	15.4399	0.12454
3.5483	-0.0942	15.4454	0.12455
3.551	-0.0943	15.4509	0.12457
3.5537	-0.0944	15.4564	0.12459
3.5565	-0.0945	15.4619	0.12461
3.5592	-0.0946	15.4674	0.12462
3.5619	-0.0948	15.4729	0.12464
3.5647	-0.0949	15.4784	0.12466000000000001
3.5674	-0.095	15.4839	0.12467
3.5702	-0.0951	15.4894	0.12469
3.5729	-0.0952	15.4948	0.12471
3.5756	-0.0954	15.5003	0.12473
3.5784	-0.0955	15.5058	0.12474
3.5811	-0.0956	15.5113	0.12476
3.5838	-0.0957	15.5168	0.12478
3.5866	-0.0958	15.5223	0.1248
3.5893	-0.0959	15.5278	0.12481
3.5921	-0.0961	15.5333	0.12483
3.5948	-0.0962	15.5388	0.12485
3.5975	-0.0963	15.5443	0.12487
3.6003	-0.0964	15.5498	0.12488
3.603	-0.0965	15.5552	0.1249
3.6057	-0.0967	15.5607	0.12492
3.6085	-0.0968	15.5662	0.12494
3.6112	-0.0969	15.5717	0.12495
3.614	-0.097	15.5772	0.12497
3.6167	-0.0971	15.5827	0.12499
3.6194	-0.0972	15.5882	0.12501
3.6222	-0.0974	15.5937	0.12502
3.6249	-0.0975	15.5992	0.12504
3.6277	-0.0976	15.6047	0.12506
3.6304	-0.0977	15.6101	0.12508
3.6331	-0.0978	15.6156	0.1251
3.6359	-0.098	15.6211	0.12511
3.6386	-0.0981	15.6266	0.12513
3.6413	-0.0982	15.6321	0.12515
3.6441	-0.0983	15.6376	0.12517
3.6468	-0.0984	15.6431	0.12518
3.6496	-0.0985	15.6486	0.1252
3.6523	-0.0987	15.654	0.12522
3.655	-0.0988	15.6595	0.12524
3.6578	-0.0989	15.665	0.12526
3.6605	-0.099	15.6705	0.12527
3.6632	-0.0991	15.676	0.12529
3.666	-0.0992	15.6815	0.12531
3.6687	-0.0994	15.687	0.12533
3.6715	-0.0995	15.6924	0.12534
3.6742	-0.0996	15.6979	0.12536
3.6769	-0.0997	15.7034	0.12538
3.6797	-0.0998	15.7089	0.1254
3.6824	-0.0999	15.7144	0.12542
3.6851	-0.1001	15.7199	0.12543
3.6879	-0.1002	15.7253	0.12545
3.6906	-0.1003	15.7308	0.12547
3.6934	-0.1004	15.7363	0.12549
3.6961	-0.1005	15.7418	0.12551
3.6988	-0.1006	15.7473	0.12552
3.7016	-0.1008	15.7528	0.12554
3.7043	-0.1009	15.7582	0.12556
3.707	-0.101	15.7637	0.12558
3.7098	-0.1011	15.7692	0.1256
3.7125	-0.1012	15.7747	0.12561
3.7153	-0.1013	15.7802	0.12563
3.718	-0.1015	15.7856	0.12565
3.7207	-0.1016	15.7911	0.12567
3.7235	-0.1017	15.7966	0.12569
3.7262	-0.1018	15.8021	0.1257
3.729	-0.1019	15.8076	0.12572
3.7317	-0.102	15.813	0.12574
3.7344	-0.1022	15.8185	0.12576
3.7372	-0.1023	15.824	0.12578
3.7399	-0.1024	15.8295	0.1258
3.7426	-0.1025	15.835	0.12581
3.7454	-0.1026	15.8404	0.12583
3.7481	-0.1027	15.8459	0.12585
3.7509	-0.1028	15.8514	0.12587
3.7536	-0.103	15.8569	0.12589
3.7563	-0.1031	15.8623	0.12591
3.7591	-0.1032	15.8678	0.12592
3.7618	-0.1033	15.8733	0.12594
3.7645	-0.1034	15.8788	0.12596
3.7673	-0.1035	15.8842	0.12598
3.77	-0.1037	15.8897	0.126
3.7728	-0.1038	15.8952	0.12602
3.7755	-0.1039	15.9007	0.12603
3.7782	-0.104	15.9061	0.12605
3.781	-0.1041	15.9116	0.12607
3.7837	-0.1042	15.9171	0.12609
3.7864	-0.1043	15.9226	0.12611
3.7892	-0.1045	15.928	0.12613
3.7919	-0.1046	15.9335	0.12615
3.7947	-0.1047	15.939	0.12616
3.7974	-0.1048	15.9445	0.12618
3.8001	-0.1049	15.9499	0.1262
3.8029	-0.105	15.9554	0.12622
3.8056	-0.1051	15.9609	0.12624
3.8084	-0.1053	15.9664	0.12626
3.8111	-0.1054	15.9718	0.12627
3.8138	-0.1055	15.9773	0.12629
3.8166	-0.1056	15.9828	0.12631
3.8193	-0.1057	15.9882	0.12633
3.822	-0.1058	15.9937	0.12635
3.8248	-0.1059	15.9992	0.12637
3.8275	-0.1061	16.0047	0.12639
3.8303	-0.1062	16.0101	0.12641
3.833	-0.1063	16.0156	0.12642
3.8357	-0.1064	16.0211	0.12644
3.8385	-0.1065	16.0265	0.12646
3.8412	-0.1066	16.032	0.12648
3.8439	-0.1067	16.0375	0.1265
3.8467	-0.1068	16.043	0.12652
3.8494	-0.107	16.0484	0.12654
3.8522	-0.1071	16.0539	0.12656
3.8549	-0.1072	16.0594	0.12657
3.8576	-0.1073	16.0648	0.12659
3.8604	-0.1074	16.0703	0.12661
3.8631	-0.1075	16.0758	0.12663
3.8658	-0.1076	16.0812	0.12665
3.8686	-0.10780000000000001	16.0867	0.12667
3.8713	-0.1079	16.0922	0.12669
3.8741	-0.108	16.0976	0.12671
3.8768	-0.1081	16.1031	0.12673
3.8795	-0.1082	16.1086	0.12674
3.8823	-0.1083	16.114	0.12676
3.885	-0.1084	16.1195	0.12678
3.8877	-0.1085	16.125	0.1268
3.8905	-0.1087	16.1304	0.12682
3.8932	-0.1088	16.1359	0.12684
3.896	-0.1089	16.1414	0.12686
3.8987	-0.109	16.1468	0.12688
3.9014	-0.1091	16.1523	0.1269
3.9042	-0.1092	16.1578	0.12692
3.9069	-0.1093	16.1632	0.12693
3.9097	-0.1094	16.1687	0.12695
3.9124	-0.1096	16.1742	0.12697
3.9151	-0.1097	16.1796	0.12699
3.9179	-0.1098	16.1851	0.12701
3.9206	-0.1099	16.1906	0.12703
3.9233	-0.11	16.196	0.12705
3.9261	-0.1101	16.2015	0.12707
3.9288	-0.1102	16.2069	0.12709
3.9316	-0.1103	16.2124	0.12711
3.9343	-0.1105	16.2179	0.12713
3.937	-0.1106	16.2233	0.12715
3.9398	-0.1107	16.2288	0.12717
3.9425	-0.1108	16.2343	0.12718
3.9452	-0.1109	16.2397	0.1272
3.948	-0.111	16.2452	0.12722
3.9507	-0.1111	16.2506	0.12724
3.9535	-0.1112	16.2561	0.12726
3.9562	-0.1113	16.2616	0.12728
3.9589	-0.1115	16.267	0.1273
3.9617	-0.1116	16.2725	0.12732
3.9644	-0.1117	16.2779	0.12734
3.9671	-0.1118	16.2834	0.12736
3.9699	-0.1119	16.2889	0.12738
3.9726	-0.112	16.2943	0.1274
3.9754	-0.1121	16.2998	0.12742
3.9781	-0.1122	16.3053	0.12744
3.9808	-0.1123	16.3107	0.12746
3.9836	-0.1125	16.3162	0.12747
3.9863	-0.1126	16.3216	0.12749
3.989	-0.1127	16.3271	0.12751
3.9918	-0.1128	16.3325	0.12753
3.9945	-0.1129	16.338	0.12755
3.9973	-0.113	16.3435	0.12757
4	-0.1131	16.3489	0.12759
4.0027	-0.1132	16.3544	0.12761
4.0055	-0.1133	16.3598	0.12763
4.0082	-0.1134	16.3653	0.12765
4.011	-0.1136	16.3708	0.12767
4.0137	-0.1137	16.3762	0.12769
4.0164	-0.1138	16.3817	0.12771
4.0192	-0.1139	16.3871	0.12773
4.0219	-0.114	16.3926	0.12775
4.0246	-0.1141	16.3981	0.12777
4.0274	-0.1142	16.4035	0.12779
4.0301	-0.1143	16.409	0.12781
4.0329	-0.1144	16.4144	0.12783
4.0356	-0.1146	16.4199	0.12785
4.0383	-0.1147	16.4253	0.12787
4.0411	-0.1148	16.4308	0.12789
4.0438	-0.1149	16.4363	0.12791
4.0465	-0.115	16.4417	0.12793
4.0493	-0.1151	16.4472	0.12795
4.052	-0.1152	16.4526	0.12797
4.0548	-0.1153	16.4581	0.12799
4.0575	-0.1154	16.4635	0.12801
4.0602	-0.1155	16.469	0.12803
4.063	-0.1156	16.4745	0.12804
4.0657	-0.1158	16.4799	0.12806
4.0684	-0.1159	16.4854	0.12808
4.0712	-0.116	16.4908	0.1281
4.0739	-0.1161	16.4963	0.12812
4.0767	-0.1162	16.5017	0.12814
4.0794	-0.1163	16.5072	0.12816
4.0821	-0.1164	16.5126	0.12818
4.0849	-0.1165	16.5181	0.1282
4.0876	-0.1166	16.5236	0.12822
4.0903	-0.1167	16.529	0.12824
4.0931	-0.1168	16.5345	0.12826
4.0958	-0.117	16.5399	0.12828
4.0986	-0.1171	16.5454	0.1283
4.1013	-0.1172	16.5508	0.12832
4.104	-0.1173	16.5563	0.12834
4.1068	-0.1174	16.5618	0.12836
4.1095	-0.1175	16.5672	0.12838
4.1123	-0.1176	16.5727	0.1284
4.115	-0.1177	16.5781	0.12842
4.1177	-0.1178	16.5836	0.12844
4.1205	-0.1179	16.589	0.12846
4.1232	-0.118	16.5945	0.12848
4.1259	-0.1182	16.5999	0.1285
4.1287	-0.1183	16.6054	0.12852
4.1314	-0.1184	16.6109	0.12854
4.1342	-0.1185	16.6163	0.12856
4.1369	-0.1186	16.6218	0.12858
4.1396	-0.1187	16.6272	0.1286
4.1424	-0.1188	16.6327	0.12863
4.1451	-0.1189	16.6381	0.12865
4.1478	-0.119	16.6436	0.12867
4.1506	-0.1191	16.649	0.12869
4.1533	-0.1192	16.6545	0.12871
4.1561	-0.1193	16.6599	0.12873
4.1588	-0.1195	16.6654	0.12875
4.1615	-0.1196	16.6709	0.12877
4.1643	-0.1197	16.6763	0.12879
4.167	-0.1198	16.6818	0.12881
4.1697	-0.1199	16.6872	0.12883
4.1725	-0.12	16.6927	0.12885
4.1752	-0.1201	16.6981	0.12887
4.178	-0.1202	16.7036	0.12889
4.1807	-0.1203	16.709	0.12891
4.1834	-0.1204	16.7145	0.12893
4.1862	-0.1205	16.72	0.12895
4.1889	-0.1206	16.7254	0.12897
4.1916	-0.1207	16.7309	0.12899
4.1944	-0.1208	16.7363	0.12901
4.1971	-0.121	16.7418	0.12903
4.1999	-0.1211	16.7472	0.12905
4.2026	-0.1212	16.7527	0.12907
4.2053	-0.1213	16.7581	0.12909
4.2081	-0.1214	16.7636	0.12911
4.2108	-0.1215	16.769	0.12913
4.2136	-0.1216	16.7745	0.12915
4.2163	-0.1217	16.78	0.12917
4.219	-0.1218	16.7854	0.12919
4.2218	-0.1219	16.7909	0.12921
4.2245	-0.122	16.7963	0.12923
4.2272	-0.1221	16.8018	0.12925
4.23	-0.1222	16.8072	0.12928
4.2327	-0.1223	16.8127	0.1293
4.2355	-0.1225	16.8181	0.12932
4.2382	-0.1226	16.8236	0.12934
4.2409	-0.1227	16.829	0.12936
4.2437	-0.1228	16.8345	0.12938
4.2464	-0.1229	16.84	0.1294
4.2491	-0.123	16.8454	0.12942
4.2519	-0.1231	16.8509	0.12944
4.2546	-0.1232	16.8563	0.12946
4.2574	-0.1233	16.8618	0.12948
4.2601	-0.1234	16.8672	0.1295
4.2628	-0.1235	16.8727	0.12952
4.2656	-0.1236	16.8781	0.12954
4.2683	-0.1237	16.8836	0.12956
4.271	-0.1238	16.8891	0.12958
4.2738	-0.1239	16.8945	0.1296
4.2765	-0.124	16.9	0.12962
4.2793	-0.1242	16.9054	0.12965
4.282	-0.1243	16.9109	0.12967
4.2847	-0.1244	16.9163	0.12969
4.2875	-0.1245	16.9218	0.12971
4.2902	-0.1246	16.9272	0.12973
4.293	-0.1247	16.9327	0.12975
4.2957	-0.1248	16.9382	0.12977
4.2984	-0.1249	16.9436	0.12979
4.3012	-0.125	16.9491	0.12981
4.3039	-0.1251	16.9545	0.12983
4.3066	-0.1252	16.96	0.12985
4.3094	-0.1253	16.9654	0.12987
4.3121	-0.1254	16.9709	0.12989
4.3149	-0.1255	16.9763	0.12991
4.3176	-0.1256	16.9818	0.12993
4.3203	-0.1257	16.9873	0.12996
4.3231	-0.1258	16.9927	0.12998
4.3258	-0.1259	16.9982	0.13
4.3285	-0.126	17.0036	0.13002
4.3313	-0.1262	17.0091	0.13004
4.334	-0.1263	17.0145	0.13006
4.3368	-0.1264	17.02	0.13008
4.3395	-0.1265	17.0255	0.1301
4.3422	-0.1266	17.0309	0.13012
4.345	-0.1267	17.0364	0.13014
4.3477	-0.1268	17.0418	0.13016
4.3504	-0.1269	17.0473	0.13018
4.3532	-0.127	17.0527	0.1302
4.3559	-0.1271	17.0582	0.13023
4.3587	-0.1272	17.0636	0.13025
4.3614	-0.1273	17.0691	0.13027
4.3641	-0.1274	17.0746	0.13029
4.3669	-0.1275	17.08	0.13031
4.3696	-0.1276	17.0855	0.13033
4.3723	-0.1277	17.0909	0.13035
4.3751	-0.1278	17.0964	0.13037
4.3778	-0.1279	17.1018	0.13039
4.3806	-0.128	17.1073	0.13041
4.3833	-0.1281	17.1127	0.13043
4.386	-0.1282	17.1182	0.13045
4.3888	-0.1283	17.1237	0.13047
4.3915	-0.1285	17.1291	0.1305
4.3943	-0.1286	17.1346	0.13052
4.397	-0.1287	17.14	0.13054
4.3997	-0.1288	17.1455	0.13056
4.4025	-0.1289	17.1509	0.13058
4.4052	-0.129	17.1564	0.1306
4.4079	-0.1291	17.1618	0.13062000000000001
4.4107	-0.1292	17.1673	0.13064
4.4134	-0.1293	17.1728	0.13066
4.4162	-0.1294	17.1782	0.13068
4.4189	-0.1295	17.1837	0.1307
4.4216	-0.1296	17.1891	0.13073
4.4244	-0.1297	17.1946	0.13075
4.4271	-0.1298	17.2	0.13077
4.4298	-0.1299	17.2055	0.13079
4.4326	-0.13	17.2109	0.13081
4.4353	-0.1301	17.2164	0.13083
4.4381	-0.1302	17.221800000000002	0.13085
4.4408	-0.1303	17.2273	0.13087
4.4435	-0.1304	17.2328	0.13089
4.4463	-0.1305	17.2382	0.13091
4.449	-0.1306	17.2437	0.13093
4.4517	-0.1307	17.2491	0.13096
4.4545	-0.1308	17.2546	0.13098
4.4572	-0.1309	17.26	0.131
4.46	-0.131	17.2655	0.13102
4.4627	-0.1311	17.2709	0.13104
4.4654	-0.1312	17.2764	0.13106
4.4682	-0.1314	17.2818	0.13108
4.4709	-0.1315	17.2873	0.1311
4.4736	-0.1316	17.2927	0.13112
4.4764	-0.1317	17.2982	0.13114
4.4791	-0.1318	17.3037	0.13117
4.4819	-0.1319	17.3091	0.13119
4.4846	-0.132	17.3146	0.13121
4.4873	-0.1321	17.32	0.13123
4.4901	-0.1322	17.3255	0.13125
4.4928	-0.1323	17.3309	0.13127
4.4956	-0.1324	17.3364	0.13129
4.4983	-0.1325	17.3418	0.13131
4.501	-0.1326	17.3473	0.13133
4.5038	-0.1327	17.3527	0.13135
4.5065	-0.1328	17.3582	0.13137
4.5092	-0.1329	17.3636	0.1314
4.512	-0.133	17.3691	0.13142
4.5147	-0.1331	17.3745	0.13144
4.5175	-0.1332	17.38	0.13146
4.5202	-0.1333	17.3854	0.13148
4.5229	-0.1334	17.3909	0.1315
4.5257	-0.1335	17.3963	0.13152
4.5284	-0.1336	17.4018	0.13154
4.5311	-0.1337	17.4072	0.13156
4.5339	-0.1338	17.4127	0.13159
4.5366	-0.1339	17.4181	0.13161
4.5394	-0.134	17.4236	0.13163
4.5421	-0.1341	17.429	0.13165
4.5448	-0.1342	17.4345	0.13167
4.5476	-0.1343	17.4399	0.13169
4.5503	-0.1344	17.4454	0.13171
4.553	-0.1345	17.4508	0.13173
4.5558	-0.1346	17.4563	0.13175
4.5585	-0.1347	17.4617	0.13177
4.5613	-0.1348	17.4672	0.1318
4.564	-0.1349	17.4726	0.13182
4.5667	-0.135	17.4781	0.13184
4.5695	-0.1351	17.4835	0.13186
4.5722	-0.1352	17.489	0.13188
4.5749	-0.1353	17.4944	0.1319
4.5777	-0.1354	17.4999	0.13192
4.5804	-0.1355	17.5053	0.13194
4.5832	-0.1356	17.5107	0.13196
4.5859	-0.1357	17.5162	0.13199
4.5886	-0.1358	17.5216	0.13201
4.5914	-0.1359	17.5271	0.13203
4.5941	-0.136	17.5325	0.13205
4.5969	-0.1361	17.538	0.13207
4.5996	-0.1362	17.5434	0.13209
4.6023	-0.1363	17.5489	0.13211
4.6051	-0.1364	17.5543	0.13213
4.6078	-0.1365	17.5598	0.13215
4.6105	-0.1366	17.5652	0.13218
4.6133	-0.1367	17.5706	0.1322
4.616	-0.1368	17.5761	0.13222
4.6188	-0.1369	17.5815	0.13224
4.6215	-0.137	17.587	0.13226
4.6242	-0.1371	17.5924	0.13228
4.627	-0.1373	17.5979	0.1323
4.6297	-0.1374	17.6033	0.13232
4.6324	-0.1375	17.6087	0.13234
4.6352	-0.1376	17.6142	0.13237
4.6379	-0.1377	17.6196	0.13239
4.6407	-0.1378	17.6251	0.13241
4.6434	-0.1379	17.6305	0.13243
4.6461	-0.138	17.636	0.13245
4.6489	-0.1381	17.6414	0.13247
4.6516	-0.1382	17.6468	0.13249
4.6543	-0.1383	17.6523	0.13251
4.6571	-0.1384	17.6577	0.13253
4.6598	-0.1385	17.6632	0.13256
4.6626	-0.1386	17.6686	0.13258
4.6653	-0.1387	17.674	0.1326
4.668	-0.1388	17.6795	0.13262
4.6708	-0.1389	17.6849	0.13264
4.6735	-0.139	17.6904	0.13266
4.6762	-0.1391	17.6958	0.13268
4.679	-0.1392	17.7012	0.1327
4.6817	-0.1393	17.7067	0.13272
4.6845	-0.1394	17.7121	0.13275
4.6872	-0.1395	17.7175	0.13277
4.6899	-0.1396	17.723	0.13279
4.6927	-0.1397	17.7284	0.13281
4.6954	-0.1398	17.7339	0.13283
4.6982	-0.1399	17.7393	0.13285
4.7009	-0.14	17.7447	0.13287
4.7036	-0.1401	17.7502	0.13289
4.7064	-0.1402	17.7556	0.13291
4.7091	-0.1403	17.761	0.13294
4.7118	-0.1404	17.7665	0.13296
4.7146	-0.1404	17.7719	0.13298
4.7173	-0.1405	17.7773	0.133
4.7201	-0.1406	17.7828	0.13302
4.7228	-0.1407	17.7882	0.13304
4.7255	-0.1408	17.7936	0.13306
4.7283	-0.1409	17.7991	0.13308
4.731	-0.141	17.8045	0.1331
4.7337	-0.1411	17.8099	0.13313
4.7365	-0.1412	17.8154	0.13315
4.7392	-0.1413	17.8208	0.13317
4.742	-0.1414	17.8262	0.13319
4.7447	-0.1415	17.8317	0.13321
4.7474	-0.1416	17.8371	0.13323
4.7502	-0.1417	17.8425	0.13325
4.7529	-0.1418	17.848	0.13327
4.7556	-0.1419	17.8534	0.13329
4.7584	-0.142	17.8588	0.13332
4.7611	-0.1421	17.8642	0.13334
4.7639	-0.1422	17.8697	0.13336
4.7666	-0.1423	17.8751	0.13338
4.7693	-0.1424	17.8805	0.1334
4.7721	-0.1425	17.886	0.13342
4.7748	-0.1426	17.8914	0.13344
4.7775	-0.1427	17.8968	0.13346
4.7803	-0.1428	17.9022	0.13348
4.783	-0.1429	17.9077	0.13351
4.7858	-0.143	17.9131	0.13353
4.7885	-0.1431	17.9185	0.13355
4.7912	-0.1432	17.924	0.13357
4.794	-0.1433	17.9294	0.13359
4.7967	-0.1434	17.9348	0.13361
4.7995	-0.1435	17.9402	0.13363
4.8022	-0.1436	17.9457	0.13365
4.8049	-0.1437	17.9511	0.13367
4.8077	-0.1438	17.9565	0.1337
4.8104	-0.1439	17.9619	0.13372
4.8131	-0.144	17.9674	0.13374
4.8159	-0.1441	17.9728	0.13376
4.8186	-0.1442	17.9782	0.13378
4.8214	-0.1443	17.9836	0.1338
4.8241	-0.1444	17.989	0.13382
4.8268	-0.1445	17.9945	0.13384
4.8296	-0.1446	17.9999	0.13386
4.8323	-0.1447	18.0053	0.13389
4.835	-0.1448	18.0107	0.13391
4.8378	-0.1449	18.0162	0.13393
4.8405	-0.145	18.0216	0.13395
4.8433	-0.1451	18.027	0.13397
4.846	-0.1452	18.0324	0.13399
4.8487	-0.1453	18.0378	0.13401
4.8515	-0.1454	18.0432	0.13403
4.8542	-0.1455	18.0487	0.13405
4.8569	-0.1456	18.0541	0.13408
4.8597	-0.1457	18.0595	0.1341
4.8624	-0.1458	18.0649	0.13412
4.8652	-0.1459	18.0703	0.13414
4.8679	-0.146	18.0758	0.13416
4.8706	-0.1461	18.0812	0.13418
4.8734	-0.1462	18.0866	0.1342
4.8761	-0.1462	18.092	0.13422
4.8789	-0.1463	18.0974	0.13424
4.8816	-0.1464	18.1028	0.13426
4.8843	-0.1465	18.1082	0.13429
4.8871	-0.1466	18.1137	0.13431
4.8898	-0.1467	18.1191	0.13433
4.8925	-0.1468	18.1245	0.13435
4.8953	-0.1469	18.1299	0.13437
4.898	-0.147	18.1353	0.13439
4.9008	-0.1471	18.1407	0.13441
4.9035	-0.1472	18.1461	0.13443
4.9062	-0.1473	18.1515	0.13445
4.909	-0.1474	18.157	0.13448
4.9117	-0.1475	18.1624	0.1345
4.9144	-0.1476	18.1678	0.13452
4.9172	-0.1477	18.1732	0.13454
4.9199	-0.1478	18.1786	0.13456
4.9227	-0.1479	18.184	0.13458
4.9254	-0.148	18.1894	0.1346
4.9281	-0.1481	18.1948	0.13462
4.9309	-0.1482	18.2002	0.13464
4.9336	-0.1483	18.2056	0.13466
4.9363	-0.1484	18.211	0.13469
4.9391	-0.1485	18.2164	0.13471
4.9418	-0.1486	18.221800000000002	0.13473
4.9446	-0.1487	18.2272	0.13475
4.9473	-0.1488	18.2327	0.13477
4.95	-0.1489	18.2381	0.13479
4.9528	-0.149	18.2435	0.13481
4.9555	-0.1491	18.2489	0.13483
4.9582	-0.1491	18.2543	0.13485
4.961	-0.1492	18.2597	0.13487
4.9637	-0.1493	18.2651	0.1349
4.9665	-0.1494	18.2705	0.13492
4.9692	-0.1495	18.2759	0.13494
4.9719	-0.1496	18.2813	0.13496
4.9747	-0.1497	18.2867	0.13498
4.9774	-0.1498	18.2921	0.135
4.9802	-0.1499	18.2975	0.13502
4.9829	-0.15	18.3029	0.13504
4.9856	-0.1501	18.3083	0.13506
4.9884	-0.1502	18.3137	0.13508
4.9911	-0.1503	18.319	0.13511
4.9938	-0.1504	18.3244	0.13513
4.9966	-0.1505	18.3298	0.13515
4.9993	-0.1506	18.3352	0.13517
5.0021	-0.1507	18.3406	0.13519
5.0048	-0.1508	18.346	0.13521
5.0075	-0.1509	18.3514	0.13523
5.0103	-0.151	18.3568	0.13525
5.013	-0.1511	18.3622	0.13527
5.0157	-0.1512	18.3676	0.13529
5.0185	-0.1513	18.373	0.13531
5.0212	-0.1514	18.3784	0.13534
5.024	-0.1514	18.3838	0.13536
5.0267	-0.1515	18.3891	0.13538
5.0294	-0.1516	18.3945	0.1354
5.0322	-0.1517	18.3999	0.13542
5.0349	-0.1518	18.4053	0.13544
5.0376	-0.1519	18.4107	0.13546
5.0404	-0.152	18.4161	0.13548
5.0431	-0.1521	18.4215	0.1355
5.0459	-0.1522	18.4268	0.13552
5.0486	-0.1523	18.4322	0.13554
5.0513	-0.1524	18.4376	0.13557
5.0541	-0.1525	18.443	0.13559
5.0568	-0.1526	18.4484	0.13561
5.0595	-0.1527	18.4538	0.13563
5.0623	-0.1528	18.4591	0.13565
5.065	-0.1529	18.4645	0.13567
5.0678	-0.153	18.4699	0.13569
5.0705	-0.15310000000000001	18.4753	0.13571
5.0732	-0.1532	18.4807	0.13573
5.076	-0.1533	18.486	0.13575
5.0787	-0.1533	18.4914	0.13577
5.0815	-0.1534	18.4968	0.1358
5.0833	-0.2026	18.5057	0.12988
5.1667	-0.213	18.6802	0.13028
5.25	-0.2234	18.8563	0.13067
5.3333	-0.2338	19.034	0.13105
5.4167	-0.2443	19.2132	0.13142
5.5	-0.2548	19.394	0.13178
5.5833	-0.2653	19.5765	0.13213
5.6667	-0.2758	19.7607	0.13246
5.75	-0.2864	19.9468	0.13279
5.8333	-0.2969	20.1344	0.13311
5.9167	-0.3075	20.3235	0.13342
6	-0.318	20.5137	0.13372
6.0833	-0.3285	20.7052	0.13402
6.1667	-0.339	20.8979	0.13432
6.25	-0.3494	21.0918	0.13462
6.3333	-0.3598	21.287	0.13493
6.4167	-0.3701	21.4833	0.13523
6.5	-0.3804	21.681	0.13554
6.5833	-0.3906	21.8799	0.13586
6.6667	-0.4007	22.08	0.13618
6.75	-0.4107	22.2813	0.13652
6.8333	-0.4207	22.4837	0.13686
6.9167	-0.4305	22.6872	0.13722
7	-0.4402	22.8915	0.13759
7.0833	-0.4499	23.096800000000002	0.13797
7.1667	-0.4594	23.3029	0.13838
7.25	-0.4688	23.5101	0.1388
7.3333	-0.4781	23.7182	0.13923
7.4167	-0.4873	23.9272	0.13969
7.5	-0.4964	24.1371	0.14016
7.5833	-0.5053	24.3479	0.14065
7.6667	-0.5142	24.5595	0.14117
7.75	-0.5229	24.7722	0.1417
7.8333	-0.5315	24.9858	0.14226
7.9167	-0.5399	25.2005	0.14284
8	-0.5482	25.4163	0.14344
8.0833	-0.5564	25.6332	0.14407
8.1667	-0.5644	25.8513	0.14472
8.25	-0.5722	26.0706	0.14539
8.3333	-0.5799	26.2911	0.14608
8.4167	-0.5873	26.5128	0.14679
8.5	-0.5946	26.7358	0.14752
8.5833	-0.6017	26.9602	0.14828
8.6667	-0.6085	27.1861	0.14905
8.75	-0.6152	27.4137	0.14984
8.8333	-0.6216	27.6432	0.15066
8.9167	-0.6278	27.875	0.15149
9	-0.6337	28.1092	0.15233
9.0833	-0.6393	28.3459	0.15319
9.1667	-0.6446	28.5854	0.15406
9.25	-0.6496	28.8277	0.15493
9.3333	-0.6543	29.0731	0.15581
9.4167	-0.6585	29.3217	0.1567
9.5	-0.6624	29.5736	0.1576
9.5833	-0.6659	29.8289	0.1585
9.6667	-0.6689	30.0877	0.1594
9.75	-0.6714	30.3501	0.16031
9.8333	-0.6735	30.616	0.16122
9.9167	-0.6752	30.8854	0.16213
10	-0.6764	31.1586	0.16305
10.0833	-0.6764	31.1586	0.16305
10.1667	-0.4452	31.4673	0.1616
10.25	-0.4528	31.7411	0.1622
10.3333	-0.4604	32.0206	0.1629
10.4167	-0.4681	32.3061	0.1635
10.5	-0.4757	32.597	0.1642
10.5833	-0.4832	32.8929	0.1648
10.6667	-0.4906	33.1932	0.1654
10.75	-0.4978	33.4973	0.1659
10.8333	-0.5047	33.805	0.1664
10.9167	-0.5115	34.1164	0.1669
11	-0.518	34.432	0.1674
11.0833	-0.5245	34.7528	0.1679
11.1667	-0.5308	35.0791	0.1683
11.25	-0.5369	35.4113	0.1688
11.3333	-0.5429	35.7494	0.1692
11.4167	-0.5486	36.0934	0.1697
11.5	-0.5543	36.4434	0.1701
11.5833	-0.5598	36.7992	0.1706
11.6667	-0.5652	37.1609	0.1711
11.75	-0.5705	37.5288	0.1716
11.8333	-0.5759	37.9032	0.172
11.9167	-0.5812	38.2845	0.1725
12	-0.5865	38.673	0.1729
12.0833	-0.5918	39.0692	0.1734
12.1667	-0.5972	39.4734	0.1737
12.25	-0.6025	39.8855	0.1741
12.3333	-0.6077	40.3054	0.1743
12.4167	-0.6128	40.733	0.1746
12.5	-0.6178	41.1685	0.1747
12.5833	-0.6226	41.6115	0.1748
12.6667	-0.6272	42.0616	0.1748
12.75	-0.6314	42.5189	0.1748
12.8333	-0.6354	42.9835	0.1747
12.9167	-0.6389	43.4557	0.1746
13	-0.6422	43.9351	0.1744
13.0833	-0.6452	44.4215	0.1743
13.1667	-0.648	44.9145	0.1741
13.25	-0.6506	45.4139	0.1739
13.3333	-0.6529	45.9195	0.1738
13.4167	-0.655	46.4305	0.1737
13.5	-0.6568	46.946	0.1736
13.5833	-0.6584	47.465	0.1735
13.6667	-0.6598	47.9868	0.1734
13.75	-0.6609	48.5103	0.1733
13.8333	-0.6617	49.0346	0.1732
13.9167	-0.6621	49.5591	0.173
14	-0.6622	50.0829	0.1729
14.0833	-0.6619	50.6052	0.1728
14.1667	-0.661	51.1254	0.1727
14.25	-0.6596	51.6426	0.1725
14.3333	-0.6577	52.1563	0.1724
14.4167	-0.6551	52.6659	0.1722
14.5	-0.6521	53.1706	0.172
14.5833	-0.6485	53.6699	0.1718
14.6667	-0.6444	54.1633	0.1715
14.75	-0.6398	54.6501	0.1712
14.8333	-0.6348	55.13	0.1709
14.9167	-0.6293	55.6026	0.1706
15	-0.6234	56.0677	0.1702
15.0833	-0.6172	56.5252	0.1698
15.1667	-0.6106	56.9749	0.1695
15.25	-0.6037	57.4169	0.1691
15.3333	-0.5964	57.8508	0.1687
15.4167	-0.5889	58.2771	0.1683
15.5	-0.581	58.6959	0.1679
15.5833	-0.573	59.1072	0.1675
15.6667	-0.5649	59.5109	0.1671
15.75	-0.5569	59.9067	0.1667
15.8333	-0.5491	60.2946	0.1662
15.9167	-0.5415	60.6739	0.1658
16	-0.5344	61.0447	0.1653
16.0833	-0.5277	61.4068	0.1648
16.1667	-0.5214	61.7601	0.1643
16.25	-0.5156	62.1045	0.1638
16.3333	-0.5102	62.44	0.1633
16.4167	-0.5051	62.7666	0.1628
16.5	-0.5004	63.0844	0.1622
16.5833	-0.4959	63.3938	0.1617
16.6667	-0.4916	63.6952	0.1611
16.75	-0.4873	63.9887	0.1605
16.8333	-0.4831	64.2745	0.1599
16.9167	-0.4789	64.5523	0.1594
17	-0.4747	64.8222	0.1588
17.0833	-0.4703	65.0841	0.1582
17.1667	-0.4658	65.3381	0.1576
17.25	-0.4611	65.5846	0.1571
17.3333	-0.4563	65.8238	0.1565
17.4167	-0.4514	66.0559	0.156
17.5	-0.4464	66.2814	0.1556
17.5833	-0.4413	66.5005	0.1551
17.6667	-0.4362	66.7133	0.1547
17.75	-0.43120000000000003	66.9201	0.1543
17.8333	-0.4264	67.1211	0.154
17.9167	-0.4218	67.317	0.1536
18	-0.4173	67.5079	0.1534
18.0833	-0.4132	67.6943	0.15310000000000001
18.1667	-0.4093	67.877	0.1529
18.25	-0.4056	68.0563	0.1527
18.3333	-0.4022	68.2328	0.1526
18.4167	-0.3992	68.407	0.1525
18.5	-0.3964	68.579	0.1525
18.5833	-0.3939	68.7492	0.1524
18.6667	-0.3916	68.918	0.1524
18.75	-0.3893	69.086	0.1524
18.8333	-0.3872	69.2535	0.1524
18.9167	-0.3851	69.4208	0.1525
19	-0.383	69.5881	0.1525
19.0833	-0.3809	69.7555	0.1526
