name = who
year = 2011
yname = hgt
sex = male
distribution = LMS
citation = WHO
publication = http://www.who.int and supplement by Gerko Vink for WFA 10-19
[data]
x	L	M	S
0	1	49.8842	0.03795
0.0027	1	50.0601	0.03785
0.0055	1	50.2359	0.03775
0.0082	1	50.4118	0.03764
0.011	1	50.5876	0.03754
0.0137	1	50.7635	0.03744
0.0164	1	50.9393	0.03734
0.0192	1	51.1152	0.03723
0.0219	1	51.291	0.03713
0.0246	1	51.4669	0.03703
0.0274	1	51.6427	0.03693
0.0301	1	51.818600000000004	0.03682
0.0329	1	51.9944	0.03672
0.0356	1	52.1702	0.03662
0.0383	1	52.3461	0.03652
0.0411	1	52.4978	0.03645
0.0438	1	52.6488	0.03639
0.0465	1	52.799	0.03633
0.0493	1	52.9483	0.03627
0.052	1	53.0967	0.03621
0.0548	1	53.2441	0.03615
0.0575	1	53.3905	0.03609
0.0602	1	53.536	0.03603
0.063	1	53.6805	0.03597
0.0657	1	53.8239	0.03592
0.0684	1	53.9664	0.03586
0.0712	1	54.1079	0.03581
0.0739	1	54.2485	0.03575
0.0767	1	54.3881	0.0357
0.0794	1	54.5268	0.03565
0.0821	1	54.6645	0.03559
0.0849	1	54.8012	0.03554
0.0876	1	54.9368	0.03549
0.0903	1	55.0714	0.03544
0.0931	1	55.2049	0.03539
0.0958	1	55.3374	0.03534
0.0986	1	55.4688	0.03529
0.1013	1	55.5992	0.03524
0.104	1	55.7285	0.0352
0.1068	1	55.8568	0.03515
0.1095	1	55.9841	0.0351
0.1123	1	56.1104	0.03506
0.115	1	56.2357	0.03501
0.1177	1	56.3599	0.03496
0.1205	1	56.4833	0.03492
0.1232	1	56.6056	0.03488
0.1259	1	56.7269	0.03483
0.1287	1	56.8472	0.03479
0.1314	1	56.9666	0.03475
0.1342	1	57.0851	0.0347
0.1369	1	57.2026	0.03466
0.1396	1	57.3192	0.03462
0.1424	1	57.4349	0.03458
0.1451	1	57.5497	0.03454
0.1478	1	57.6637	0.0345
0.1506	1	57.7767	0.03446
0.1533	1	57.8889	0.03442
0.1561	1	58.0003	0.03438
0.1588	1	58.1109	0.03434
0.1615	1	58.2207	0.03431
0.1643	1	58.3299	0.03427
0.167	1	58.4384	0.03423
0.1697	1	58.5463	0.0342
0.1725	1	58.6536	0.03416
0.1752	1	58.7603	0.03412
0.178	1	58.8664	0.03409
0.1807	1	58.9718	0.03405
0.1834	1	59.0766	0.03402
0.1862	1	59.1808	0.03398
0.1889	1	59.2843	0.03395
0.1916	1	59.3872	0.03392
0.1944	1	59.4894	0.03388
0.1971	1	59.591	0.03385
0.1999	1	59.692	0.03382
0.2026	1	59.7923	0.03379
0.2053	1	59.892	0.03375
0.2081	1	59.991	0.03372
0.2108	1	60.0894	0.03369
0.2136	1	60.1872	0.03366
0.2163	1	60.2843	0.03363
0.219	1	60.3808	0.0336
0.2218	1	60.4767	0.03357
0.2245	1	60.5719	0.03354
0.2272	1	60.6665	0.03351
0.23	1	60.7605	0.03348
0.2327	1	60.8539	0.03345
0.2355	1	60.9466	0.03342
0.2382	1	61.0388	0.0334
0.2409	1	61.1303	0.03337
0.2437	1	61.2212	0.03334
0.2464	1	61.3115	0.03331
0.2491	1	61.4013	0.03329
0.2519	1	61.4904	0.03326
0.2546	1	61.579	0.03323
0.2574	1	61.667	0.03321
0.2601	1	61.7543	0.03318
0.2628	1	61.8411	0.03316
0.2656	1	61.9274	0.03313
0.2683	1	62.013	0.03311
0.271	1	62.0981	0.03308
0.2738	1	62.1826	0.03306
0.2765	1	62.2665	0.03303
0.2793	1	62.3499	0.03301
0.282	1	62.4327	0.03298
0.2847	1	62.5149	0.03296
0.2875	1	62.5966	0.03294
0.2902	1	62.6778	0.03291
0.293	1	62.7584	0.03289
0.2957	1	62.8384	0.03287
0.2984	1	62.918	0.03284
0.3012	1	62.9969	0.03282
0.3039	1	63.0754	0.0328
0.3066	1	63.1533	0.03278
0.3094	1	63.2307	0.03276
0.3121	1	63.3076	0.03273
0.3149	1	63.3839	0.03271
0.3176	1	63.4598	0.03269
0.3203	1	63.5351	0.03267
0.3231	1	63.6099	0.03265
0.3258	1	63.6842	0.03263
0.3285	1	63.758	0.03261
0.3313	1	63.8313	0.03259
0.334	1	63.9041	0.03257
0.3368	1	63.9765	0.03255
0.3395	1	64.0483	0.03253
0.3422	1	64.1197	0.03251
0.345	1	64.1906	0.03249
0.3477	1	64.261	0.03247
0.3504	1	64.331	0.03245
0.3532	1	64.4006	0.03243
0.3559	1	64.4697	0.03241
0.3587	1	64.5383	0.03239
0.3614	1	64.6066	0.03238
0.3641	1	64.6744	0.03236
0.3669	1	64.7418	0.03234
0.3696	1	64.8088	0.03232
0.3723	1	64.8755	0.0323
0.3751	1	64.9417	0.03229
0.3778	1	65.0075	0.03227
0.3806	1	65.073	0.03225
0.3833	1	65.138	0.03223
0.386	1	65.2027	0.03222
0.3888	1	65.2671	0.0322
0.3915	1	65.331	0.03218
0.3943	1	65.3946	0.03217
0.397	1	65.4579	0.03215
0.3997	1	65.5208	0.03214
0.4025	1	65.5834	0.03212
0.4052	1	65.6456	0.0321
0.4079	1	65.7075	0.03209
0.4107	1	65.769	0.03207
0.4134	1	65.8303	0.03206
0.4162	1	65.8912	0.03204
0.4189	1	65.9518	0.03203
0.4216	1	66.0121	0.03201
0.4244	1	66.0721	0.032
0.4271	1	66.1317	0.03198
0.4298	1	66.1911	0.03197
0.4326	1	66.2502	0.03196
0.4353	1	66.3089	0.03194
0.4381	1	66.3674	0.03193
0.4408	1	66.4256	0.03191
0.4435	1	66.4835	0.0319
0.4463	1	66.5412	0.03189
0.449	1	66.5985	0.03187
0.4517	1	66.6556	0.03186
0.4545	1	66.7125	0.03185
0.4572	1	66.7691	0.03183
0.46	1	66.8254	0.03182
0.4627	1	66.8815	0.03181
0.4654	1	66.9373	0.0318
0.4682	1	66.993	0.03179
0.4709	1	67.0483	0.03177
0.4736	1	67.1035	0.03176
0.4764	1	67.1584	0.03175
0.4791	1	67.2132	0.03174
0.4819	1	67.2677	0.03173
0.4846	1	67.3219	0.03171
0.4873	1	67.376	0.0317
0.4901	1	67.4299	0.03169
0.4928	1	67.4836	0.03168
0.4956	1	67.5371	0.03167
0.4983	1	67.5904	0.03166
0.501	1	67.6435	0.03165
0.5038	1	67.6964	0.03164
0.5065	1	67.7491	0.03163
0.5092	1	67.8017	0.03162
0.512	1	67.8541	0.03161
0.5147	1	67.9062	0.0316
0.5175	1	67.9583	0.03159
0.5202	1	68.0101	0.03158
0.5229	1	68.0618	0.03157
0.5257	1	68.1133	0.03156
0.5284	1	68.1647	0.03155
0.5311	1	68.2158	0.03154
0.5339	1	68.2669	0.03153
0.5366	1	68.3177	0.03152
0.5394	1	68.3685	0.03152
0.5421	1	68.419	0.03151
0.5448	1	68.4695	0.0315
0.5476	1	68.5198	0.03149
0.5503	1	68.5699	0.03148
0.553	1	68.6199	0.03147
0.5558	1	68.6698	0.03147
0.5585	1	68.7195	0.03146
0.5613	1	68.7691	0.03145
0.564	1	68.8186	0.03144
0.5667	1	68.8679	0.03144
0.5695	1	68.9171	0.03143
0.5722	1	68.9662	0.03142
0.5749	1	69.0152	0.03141
0.5777	1	69.0641	0.03141
0.5804	1	69.1128	0.0314
0.5832	1	69.1615	0.03139
0.5859	1	69.21	0.03139
0.5886	1	69.2584	0.03138
0.5914	1	69.3067	0.03137
0.5941	1	69.3549	0.03137
0.5969	1	69.4031	0.03136
0.5996	1	69.4511	0.03136
0.6023	1	69.499	0.03135
0.6051	1	69.5468	0.03134
0.6078	1	69.5945	0.03134
0.6105	1	69.6421	0.03133
0.6133	1	69.6896	0.03133
0.616	1	69.737	0.03132
0.6188	1	69.7844	0.03132
0.6215	1	69.8316	0.03131
0.6242	1	69.8787	0.03131
0.627	1	69.9258	0.0313
0.6297	1	69.9728	0.0313
0.6324	1	70.0197	0.03129
0.6352	1	70.0665	0.03129
0.6379	1	70.1132	0.03128
0.6407	1	70.1599	0.03128
0.6434	1	70.2064	0.03127
0.6461	1	70.2529	0.03127
0.6489	1	70.2994	0.03126
0.6516	1	70.3457	0.03126
0.6543	1	70.392	0.03126
0.6571	1	70.4382	0.03125
0.6598	1	70.4843	0.03125
0.6626	1	70.5304	0.03125
0.6653	1	70.5764	0.03124
0.668	1	70.6224	0.03124
0.6708	1	70.6683	0.03123
0.6735	1	70.7141	0.03123
0.6762	1	70.7598	0.03123
0.679	1	70.8055	0.03122
0.6817	1	70.8511	0.03122
0.6845	1	70.8967	0.03122
0.6872	1	70.9422	0.03122
0.6899	1	70.9876	0.03121
0.6927	1	71.033	0.03121
0.6954	1	71.0783	0.03121
0.6982	1	71.1235	0.03121
0.7009	1	71.1687	0.0312
0.7036	1	71.2138	0.0312
0.7064	1	71.2589	0.0312
0.7091	1	71.3039	0.0312
0.7118	1	71.3488	0.03119
0.7146	1	71.3937	0.03119
0.7173	1	71.4385	0.03119
0.7201	1	71.4832	0.03119
0.7228	1	71.5279	0.03119
0.7255	1	71.5725	0.03118
0.7283	1	71.6171	0.03118
0.731	1	71.6616	0.03118
0.7337	1	71.706	0.03118
0.7365	1	71.7504	0.03118
0.7392	1	71.7947	0.03118
0.742	1	71.839	0.03118
0.7447	1	71.8832	0.03118
0.7474	1	71.9273	0.03117
0.7502	1	71.9714	0.03117
0.7529	1	72.0154	0.03117
0.7556	1	72.0594	0.03117
0.7584	1	72.1033	0.03117
0.7611	1	72.1472	0.03117
0.7639	1	72.1909	0.03117
0.7666	1	72.2347	0.03117
0.7693	1	72.2783	0.03117
0.7721	1	72.3219	0.03117
0.7748	1	72.3655	0.03117
0.7775	1	72.4089	0.03117
0.7803	1	72.4523	0.03117
0.783	1	72.4957	0.03117
0.7858	1	72.539	0.03117
0.7885	1	72.5822	0.03117
0.7912	1	72.6253	0.03117
0.794	1	72.6684	0.03117
0.7967	1	72.7115	0.03117
0.7995	1	72.7544	0.03117
0.8022	1	72.7974	0.03117
0.8049	1	72.8402	0.03117
0.8077	1	72.883	0.03117
0.8104	1	72.9257	0.03117
0.8131	1	72.9684	0.03117
0.8159	1	73.011	0.03117
0.8186	1	73.0535	0.03118
0.8214	1	73.096	0.03118
0.8241	1	73.1384	0.03118
0.8268	1	73.1808	0.03118
0.8296	1	73.2231	0.03118
0.8323	1	73.2653	0.03118
0.835	1	73.3075	0.03118
0.8378	1	73.3497	0.03118
0.8405	1	73.3917	0.03119
0.8433	1	73.4337	0.03119
0.846	1	73.4757	0.03119
0.8487	1	73.5176	0.03119
0.8515	1	73.5594	0.03119
0.8542	1	73.6012	0.03119
0.8569	1	73.6429	0.0312
0.8597	1	73.6845	0.0312
0.86240000000000006	1	73.7261	0.0312
0.8652	1	73.7677	0.0312
0.8679	1	73.8091	0.0312
0.8706	1	73.8506	0.03121
0.8734	1	73.8919	0.03121
0.8761	1	73.9333	0.03121
0.8789	1	73.9745	0.03121
0.8816	1	74.0157	0.03122
0.8843	1	74.0569	0.03122
0.8871	1	74.0979	0.03122
0.8898	1	74.139	0.03122
0.8925	1	74.18	0.03123
0.8953	1	74.2209	0.03123
0.898	1	74.2618	0.03123
0.9008	1	74.3026	0.03124
0.9035	1	74.3433	0.03124
0.9062	1	74.3841	0.03124
0.909	1	74.4247	0.03124
0.9117	1	74.4653	0.03125
0.9144	1	74.5059	0.03125
0.9172	1	74.5464	0.03125
0.9199	1	74.5868	0.03126
0.9227	1	74.6272	0.03126
0.9254	1	74.6676	0.03126
0.9281	1	74.7079	0.03127
0.9309	1	74.7481	0.03127
0.9336	1	74.7883	0.03127
0.9363	1	74.8285	0.03128
0.9391	1	74.8686	0.03128
0.9418	1	74.9086	0.03128
0.9446	1	74.9486	0.03129
0.9473	1	74.9886	0.03129
0.95	1	75.0285	0.0313
0.9528	1	75.0683	0.0313
0.9555	1	75.1081	0.0313
0.9582	1	75.1479	0.03131
0.961	1	75.1876	0.03131
0.9637	1	75.2273	0.03132
0.9665	1	75.2669	0.03132
0.9692	1	75.3065	0.03132
0.9719	1	75.346	0.03133
0.9747	1	75.3855	0.03133
0.9774	1	75.425	0.03134
0.9802	1	75.4644	0.03134
0.9829	1	75.5037	0.03135
0.9856	1	75.5431	0.03135
0.9884	1	75.5824	0.03136
0.9911	1	75.6216	0.03136
0.9938	1	75.6608	0.03136
0.9966	1	75.6999	0.03137
0.9993	1	75.7391	0.03137
1.0021	1	75.7781	0.03138
1.0048	1	75.8172	0.03138
1.0075	1	75.8562	0.03139
1.0103	1	75.8951	0.03139
1.013	1	75.934	0.0314
1.0157	1	75.9729	0.0314
1.0185	1	76.0117	0.03141
1.0212	1	76.0505	0.03141
1.024	1	76.0892	0.03142
1.0267	1	76.1279	0.03142
1.0294	1	76.1665	0.03143
1.0322	1	76.2051	0.03143
1.0349	1	76.2437	0.03144
1.0376	1	76.2822	0.03144
1.0404	1	76.3207	0.03145
1.0431	1	76.3591	0.03146
1.0459	1	76.3975	0.03146
1.0486	1	76.4358	0.03147
1.0513	1	76.4741	0.03147
1.0541	1	76.5124	0.03148
1.0568	1	76.5506	0.03148
1.0595	1	76.5888	0.03149
1.0623	1	76.6269	0.03149
1.065	1	76.665	0.0315
1.0678	1	76.703	0.03151
1.0705	1	76.741	0.03151
1.0732	1	76.779	0.03152
1.076	1	76.8169	0.03152
1.0787	1	76.8548	0.03153
1.0815	1	76.8926	0.03154
1.0842	1	76.9304	0.03154
1.0869	1	76.9682	0.03155
1.0897	1	77.0059	0.03155
1.0924	1	77.0435	0.03156
1.0951	1	77.0812	0.03157
1.0979	1	77.1187	0.03157
1.1006	1	77.1563	0.03158
1.1034	1	77.1938	0.03159
1.1061	1	77.2313	0.03159
1.1088	1	77.2687	0.0316
1.1116	1	77.306	0.0316
1.1143	1	77.3434	0.03161
1.117	1	77.3807	0.03162
1.1198	1	77.4179	0.03162
1.1225	1	77.4551	0.03163
1.1253	1	77.4923	0.03164
1.128	1	77.5295	0.03164
1.1307	1	77.5665	0.03165
1.1335	1	77.6036	0.03166
1.1362	1	77.6406	0.03166
1.1389	1	77.6776	0.03167
1.1417	1	77.7145	0.03168
1.1444	1	77.7514	0.03168
1.1472	1	77.7883	0.03169
1.1499	1	77.8251	0.0317
1.1526	1	77.8618	0.0317
1.1554	1	77.8986	0.03171
1.1581	1	77.9353	0.03172
1.1608	1	77.9719	0.03172
1.1636	1	78.0085	0.03173
1.1663	1	78.0451	0.03174
1.1691	1	78.0817	0.03175
1.1718	1	78.1182	0.03175
1.1745	1	78.1546	0.03176
1.1773	1	78.1911	0.03177
1.18	1	78.2275	0.03177
1.1828	1	78.2638	0.03178
1.1855	1	78.3001	0.03179
1.1882	1	78.3364	0.0318
1.191	1	78.3727	0.0318
1.1937	1	78.4089	0.03181
1.1964	1	78.4451	0.03182
1.1992	1	78.4812	0.03183
1.2019	1	78.5173	0.03183
1.2047	1	78.5534	0.03184
1.2074	1	78.5894	0.03185
1.2101	1	78.6254	0.03186
1.2129	1	78.6614	0.03186
1.2156	1	78.6973	0.03187
1.2183	1	78.7332	0.03188
1.2211	1	78.7691	0.03189
1.2238	1	78.8049	0.03189
1.2266	1	78.8407	0.0319
1.2293	1	78.8764	0.03191
1.232	1	78.9122	0.03192
1.2348	1	78.9479	0.03192
1.2375	1	78.9835	0.03193
1.2402	1	79.0191	0.03194
1.243	1	79.0547	0.03195
1.2457	1	79.0903	0.03196
1.2485	1	79.1258	0.03196
1.2512	1	79.1613	0.03197
1.2539	1	79.1968	0.03198
1.2567	1	79.2322	0.03199
1.2594	1	79.2676	0.032
1.2621	1	79.303	0.032
1.2649	1	79.3383	0.03201
1.2676	1	79.3736	0.03202
1.2704	1	79.4089	0.03203
1.2731	1	79.4441	0.03204
1.2758	1	79.4793	0.03204
1.2786	1	79.5145	0.03205
1.2813	1	79.5496	0.03206
1.2841	1	79.5847	0.03207
1.2868	1	79.6198	0.03208
1.2895	1	79.6548	0.03209
1.2923	1	79.6898	0.03209
1.295	1	79.7248	0.0321
1.2977	1	79.7598	0.03211
1.3005	1	79.7947	0.03212
1.3032	1	79.8296	0.03213
1.306	1	79.8644	0.03214
1.3087	1	79.8993	0.03214
1.3114	1	79.9341	0.03215
1.3142	1	79.9688	0.03216
1.3169	1	80.0036	0.03217
1.3196	1	80.0383	0.03218
1.3224	1	80.0729	0.03219
1.3251	1	80.1076	0.0322
1.3279	1	80.1422	0.0322
1.3306	1	80.1768	0.03221
1.3333	1	80.2113	0.03222
1.3361	1	80.2459	0.03223
1.3388	1	80.2804	0.03224
1.3415	1	80.3148	0.03225
1.3443	1	80.3493	0.03226
1.347	1	80.3837	0.03226
1.3498000000000001	1	80.4181	0.03227
1.3525	1	80.4524	0.03228
1.3552	1	80.4867	0.03229
1.358	1	80.521	0.0323
1.3607	1	80.5553	0.03231
1.3634	1	80.5895	0.03232
1.3662	1	80.6237	0.03233
1.3689	1	80.6578	0.03234
1.3717	1	80.692	0.03234
1.3744	1	80.7261	0.03235
1.3771	1	80.7602	0.03236
1.3799	1	80.7942	0.03237
1.3826	1	80.8282	0.03238
1.3854	1	80.8622	0.03239
1.3881	1	80.8961	0.0324
1.3908	1	80.9301	0.03241
1.3936	1	80.964	0.03242
1.3963	1	80.9978	0.03243
1.399	1	81.0317	0.03244
1.4018	1	81.0655	0.03245
1.4045	1	81.0992	0.03245
1.4073	1	81.133	0.03246
1.41	1	81.1667	0.03247
1.4127	1	81.2004	0.03248
1.4155	1	81.234	0.03249
1.4182	1	81.2677	0.0325
1.4209	1	81.3013	0.03251
1.4237	1	81.3348	0.03252
1.4264	1	81.3684	0.03253
1.4292	1	81.4019	0.03254
1.4319	1	81.4353	0.03255
1.4346	1	81.4688	0.03256
1.4374	1	81.5022	0.03257
1.4401	1	81.5356	0.03258
1.4428	1	81.569	0.03259
1.4456	1	81.6023	0.0326
1.4483	1	81.6356	0.03261
1.4511	1	81.6689	0.03261
1.4538	1	81.7021	0.03262
1.4565	1	81.7353	0.03263
1.4593	1	81.7685	0.03264
1.462	1	81.8017	0.03265
1.4648	1	81.8348	0.03266
1.4675	1	81.8679	0.03267
1.4702	1	81.9009	0.03268
1.473	1	81.934	0.03269
1.4757	1	81.967	0.0327
1.4784	1	82	0.03271
1.4812	1	82.0329	0.03272
1.4839	1	82.0659	0.03273
1.4867	1	82.0987	0.03274
1.4894	1	82.1316	0.03275
1.4921	1	82.1644	0.03276
1.4949	1	82.1973	0.03277
1.4976	1	82.23	0.03278
1.5003	1	82.2628	0.03279
1.5031	1	82.2955	0.0328
1.5058	1	82.3282	0.03281
1.5086	1	82.3609	0.03282
1.5113	1	82.3935	0.03283
1.514	1	82.4261	0.03284
1.5168	1	82.4587	0.03285
1.5195	1	82.4912	0.03286
1.5222	1	82.5237	0.03287
1.525	1	82.5562	0.03288
1.5277	1	82.5887	0.03289
1.5305	1	82.6211	0.0329
1.5332	1	82.6535	0.03291
1.5359	1	82.6859	0.03292
1.5387	1	82.7182	0.03293
1.5414	1	82.7505	0.03294
1.5441	1	82.7828	0.03295
1.5469	1	82.8151	0.03296
1.5496	1	82.8473	0.03297
1.5524	1	82.8795	0.03298
1.5551	1	82.9117	0.03299
1.5578	1	82.9438	0.033
1.5606	1	82.9759	0.03301
1.5633	1	83.008	0.03302
1.5661	1	83.04	0.03303
1.5688	1	83.0721	0.03304
1.5715	1	83.1041	0.03305
1.5743	1	83.136	0.03306
1.577	1	83.168	0.03308
1.5797	1	83.1999	0.03309
1.5825	1	83.2318	0.0331
1.5852	1	83.2637	0.03311
1.588	1	83.2955	0.03312
1.5907	1	83.3273	0.03313
1.5934	1	83.3591	0.03314
1.5962	1	83.3908	0.03315
1.5989	1	83.4226	0.03316
1.6016	1	83.4543	0.03317
1.6044	1	83.4859	0.03318
1.6071	1	83.5176	0.03319
1.6099	1	83.5492	0.0332
1.6126	1	83.5808	0.03321
1.6153	1	83.6124	0.03322
1.6181	1	83.6439	0.03323
1.6208	1	83.6754	0.03324
1.6235	1	83.7069	0.03325
1.6263	1	83.7384	0.03326
1.629	1	83.7698	0.03327
1.6318	1	83.8012	0.03329
1.6345	1	83.8326	0.0333
1.6372	1	83.864	0.03331
1.64	1	83.8953	0.03332
1.6427	1	83.9267	0.03333
1.6454	1	83.9579	0.03334
1.6482	1	83.9892	0.03335
1.6509	1	84.0205	0.03336
1.6537	1	84.0517	0.03337
1.6564	1	84.0829	0.03338
1.6591	1	84.114	0.03339
1.6619	1	84.1452	0.0334
1.6646	1	84.1763	0.03341
1.6674	1	84.2074	0.03342
1.6701	1	84.2385	0.03344
1.6728	1	84.2695	0.03345
1.6756	1	84.3006	0.03346
1.6783	1	84.3316	0.03347
1.681	1	84.3626	0.03348
1.6838	1	84.3935	0.03349
1.6865	1	84.4245	0.0335
1.6893	1	84.4554	0.03351
1.692	1	84.4862	0.03352
1.6947	1	84.5171	0.03353
1.6975	1	84.5479	0.03354
1.7002	1	84.5787	0.03356
1.7029	1	84.6095	0.03357
1.7057	1	84.6403	0.03358
1.7084	1	84.671	0.03359
1.7112	1	84.7017	0.0336
1.7139	1	84.7324	0.03361
1.7166	1	84.7631	0.03362
1.7194	1	84.7937	0.03363
1.7221	1	84.8243	0.03364
1.7248000000000001	1	84.8549	0.03365
1.7276	1	84.8855	0.03367
1.7303	1	84.916	0.03368
1.7331	1	84.9465	0.03369
1.7358	1	84.977	0.0337
1.7385	1	85.0075	0.03371
1.7413	1	85.0379	0.03372
1.744	1	85.0683	0.03373
1.7467	1	85.0987	0.03374
1.7495	1	85.1291	0.03375
1.7522	1	85.1594	0.03377
1.755	1	85.1897	0.03378
1.7577	1	85.22	0.03379
1.7604	1	85.2503	0.0338
1.7632	1	85.2805	0.03381
1.7659	1	85.3108	0.03382
1.7687	1	85.341	0.03383
1.7714	1	85.3711	0.03384
1.7741	1	85.4013	0.03385
1.7769	1	85.4314	0.03387
1.7796	1	85.4615	0.03388
1.7823	1	85.4916	0.033890000000000003
1.7851	1	85.5217	0.0339
1.7878	1	85.5517	0.03391
1.7906	1	85.5817	0.03392
1.7933	1	85.6117	0.03393
1.796	1	85.6417	0.03394
1.7988	1	85.6716	0.03396
1.8015	1	85.7015	0.03397
1.8042	1	85.7314	0.03398
1.807	1	85.7613	0.03399
1.8097	1	85.7912	0.034
1.8125	1	85.821	0.03401
1.8152	1	85.8508	0.03402
1.8179	1	85.8806	0.03404
1.8207	1	85.9104	0.03405
1.8234	1	85.9401	0.03406
1.8261	1	85.9698	0.03407
1.8289	1	85.9995	0.03408
1.8316	1	86.0292	0.03409
1.8344	1	86.0589	0.0341
1.8371	1	86.0885	0.03411
1.8398	1	86.1181	0.03413
1.8426	1	86.1477	0.03414
1.8453	1	86.1773	0.03415
1.848	1	86.2068	0.03416
1.8508	1	86.2363	0.03417
1.8535	1	86.2659	0.03418
1.8563	1	86.2954	0.03419
1.859	1	86.3248	0.03421
1.8617	1	86.3543	0.03422
1.8645	1	86.3837	0.03423
1.8672	1	86.4131	0.03424
1.87	1	86.4425	0.03425
1.8727	1	86.4719	0.03426
1.8754	1	86.5012	0.03427
1.8782	1	86.5306	0.03429
1.8809	1	86.5599	0.0343
1.8836	1	86.5892	0.03431
1.8864	1	86.6184	0.03432
1.8891	1	86.6477	0.03433
1.8919	1	86.6769	0.03434
1.8946	1	86.7061	0.03435
1.8973	1	86.7353	0.03437
1.9001	1	86.7645	0.03438
1.9028	1	86.7937	0.03439
1.9055	1	86.8228	0.0344
1.9083	1	86.8519	0.03441
1.911	1	86.881	0.03442
1.9138	1	86.9101	0.03443
1.9165	1	86.9392	0.03445
1.9192	1	86.9682	0.03446
1.922	1	86.9972	0.03447
1.9247	1	87.0262	0.03448
1.9274	1	87.0552	0.03449
1.9302	1	87.0842	0.0345
1.9329	1	87.1131	0.03451
1.9357	1	87.142	0.03453
1.9384	1	87.1709	0.03454
1.9411	1	87.1998	0.03455
1.9439	1	87.2287	0.03456
1.9466	1	87.2575	0.03457
1.9493	1	87.2863	0.03458
1.9521	1	87.3151	0.03459
1.9548	1	87.3439	0.03461
1.9576	1	87.3727	0.03462
1.9603	1	87.4014	0.03463
1.963	1	87.4302	0.03464
1.9658	1	87.4589	0.03465
1.9685	1	87.4876	0.03466
1.9713	1	87.5162	0.03467
1.974	1	87.5449	0.03469
1.9767	1	87.5735	0.0347
1.9795	1	87.6021	0.03471
1.9822	1	87.6307	0.03472
1.9849	1	87.6593	0.03473
1.9877	1	87.6878	0.03474
1.9904	1	87.7164	0.03475
1.9932	1	87.7449	0.03477
1.9959	1	87.7734	0.03478
1.9986	1	87.8018	0.03479
2.0014	1	87.1303	0.03508
2.0041	1	87.1587	0.03509
2.0068	1	87.1871	0.0351
2.0096	1	87.2155	0.03511
2.0123	1	87.2439	0.03513
2.0151	1	87.2722	0.03514
2.0178	1	87.3006	0.03515
2.0205	1	87.3289	0.03516
2.0233	1	87.3571	0.03517
2.026	1	87.3854	0.03518
2.0287	1	87.4136	0.03519
2.0315	1	87.4419	0.03521
2.0342	1	87.4701	0.03522
2.037	1	87.4982	0.03523
2.0397	1	87.5264	0.03524
2.0424	1	87.5545	0.03525
2.0452	1	87.5826	0.03526
2.0479	1	87.6107	0.03527
2.0507	1	87.6388	0.03528
2.0534	1	87.6668	0.0353
2.0561	1	87.6948	0.03531
2.0589	1	87.7228	0.03532
2.0616	1	87.7508	0.03533
2.0643	1	87.7788	0.03534
2.0671	1	87.8067	0.03535
2.0698	1	87.8346	0.03536
2.0726	1	87.8625	0.03538
2.0753	1	87.8903	0.03539
2.078	1	87.9181	0.0354
2.0808	1	87.946	0.03541
2.0835	1	87.9737	0.03542
2.0862	1	88.0015	0.03543
2.089	1	88.0292	0.03544
2.0917	1	88.057	0.03545
2.0945	1	88.0846	0.03547
2.0972	1	88.1123	0.03548
2.0999	1	88.14	0.03549
2.1027	1	88.1676	0.0355
2.1054	1	88.1952	0.03551
2.1081	1	88.2228	0.03552
2.1109	1	88.2503	0.03553
2.1136	1	88.2778	0.03555
2.1164	1	88.3053	0.03556
2.1191	1	88.3328	0.03557
2.1218	1	88.3603	0.03558
2.1246	1	88.3877	0.03559
2.1273	1	88.4151	0.0356
2.13	1	88.4425	0.03561
2.1328	1	88.4699	0.03562
2.1355	1	88.4972	0.03564
2.1383	1	88.5245	0.03565
2.141	1	88.5518	0.03566
2.1437	1	88.5791	0.03567
2.1465	1	88.6063	0.03568
2.1492	1	88.6335	0.03569
2.152	1	88.6607	0.0357
2.1547	1	88.6879	0.03571
2.1574	1	88.715	0.03572
2.1602	1	88.7422	0.03574
2.1629	1	88.7693	0.03575
2.1656	1	88.7964	0.03576
2.1684	1	88.8234	0.03577
2.1711	1	88.8504	0.03578
2.1739	1	88.8775	0.03579
2.1766	1	88.9044	0.0358
2.1793	1	88.9314	0.03581
2.1821	1	88.9584	0.03582
2.1848	1	88.9853	0.03584
2.1875	1	89.012200000000007	0.03585
2.1903	1	89.0391	0.03586
2.193	1	89.0659	0.03587
2.1958	1	89.0927	0.03588
2.1985	1	89.1195	0.03589
2.2012	1	89.1463	0.0359
2.204	1	89.1731	0.03591
2.2067	1	89.1998	0.03592
2.2094	1	89.2266	0.03593
2.2122	1	89.2533	0.03595
2.2149	1	89.2799	0.03596
2.2177	1	89.3066	0.03597
2.2204	1	89.3332	0.03598
2.2231	1	89.3598	0.03599
2.2259	1	89.3864	0.036
2.2286	1	89.413	0.03601
2.2313	1	89.4395	0.03602
2.2341	1	89.466	0.03603
2.2368	1	89.4925	0.03604
2.2396	1	89.519	0.03605
2.2423	1	89.5455	0.03607
2.245	1	89.5719	0.03608
2.2478	1	89.5983	0.03609
2.2505	1	89.6247	0.0361
2.2533	1	89.651	0.03611
2.256	1	89.6774	0.03612
2.2587	1	89.7037	0.03613
2.2615	1	89.73	0.03614
2.2642	1	89.7563	0.03615
2.2669	1	89.7825	0.03616
2.2697	1	89.8087	0.03617
2.2724	1	89.8349	0.03618
2.2752	1	89.8611	0.0362
2.2779	1	89.8873	0.03621
2.2806	1	89.9134	0.03622
2.2834	1	89.9395	0.03623
2.2861	1	89.9656	0.03624
2.2888	1	89.9917	0.03625
2.2916	1	90.0177	0.03626
2.2943	1	90.0437	0.03627
2.2971	1	90.0697	0.03628
2.2998	1	90.0957	0.03629
2.3025	1	90.1216	0.0363
2.3053	1	90.1476	0.03631
2.308	1	90.1735	0.03632
2.3107	1	90.1994	0.03633
2.3135	1	90.2252	0.03634
2.3162	1	90.251	0.03636
2.319	1	90.2769	0.03637
2.3217	1	90.3026	0.03638
2.3244	1	90.3284	0.03639
2.3272	1	90.3541	0.0364
2.3299	1	90.3799	0.03641
2.3326	1	90.4056	0.03642
2.3354	1	90.4312	0.03643
2.3381	1	90.4569	0.03644
2.3409	1	90.4825	0.03645
2.3436	1	90.5081	0.03646
2.3463	1	90.5337	0.03647
2.3491	1	90.5592	0.03648
2.3518	1	90.5848	0.03649
2.3546	1	90.6103	0.0365
2.3573	1	90.6358	0.03651
2.36	1	90.6612	0.03652
2.3628	1	90.6867	0.03653
2.3655	1	90.7121	0.03654
2.3682	1	90.7375	0.03655
2.371	1	90.7628	0.03656
2.3737	1	90.7882	0.03657
2.3765	1	90.8135	0.03659
2.3792	1	90.8388	0.0366
2.3819	1	90.8641	0.03661
2.3847	1	90.8893	0.03662
2.3874	1	90.9146	0.03663
2.3901	1	90.9398	0.03664
2.3929	1	90.965	0.03665
2.3956	1	90.9901	0.03666
2.3984	1	91.0153	0.03667
2.4011	1	91.0404	0.03668
2.4038	1	91.0655	0.03669
2.4066	1	91.0905	0.0367
2.4093	1	91.1156	0.03671
2.412	1	91.1406	0.03672
2.4148	1	91.1656	0.03673
2.4175	1	91.1906	0.03674
2.4203	1	91.2155	0.03675
2.423	1	91.2405	0.03676
2.4257	1	91.2654	0.03677
2.4285	1	91.2903	0.03678
2.4312	1	91.3151	0.03679
2.4339	1	91.34	0.0368
2.4367	1	91.3648	0.03681
2.4394	1	91.3896	0.03682
2.4422	1	91.4144	0.03683
2.4449	1	91.4391	0.03684
2.4476	1	91.4639	0.03685
2.4504	1	91.4886	0.03686
2.4531	1	91.5133	0.03687
2.4559	1	91.5379	0.03688
2.4586	1	91.5626	0.03689
2.4613	1	91.5872	0.0369
2.4641	1	91.6118	0.03691
2.4668	1	91.6364	0.03692
2.4695	1	91.6609	0.03693
2.4723	1	91.6855	0.03694
2.475	1	91.71	0.03695
2.4778	1	91.7345	0.03696
2.4805	1	91.759	0.03697
2.4832	1	91.7834	0.03698
2.486	1	91.8078	0.03699
2.4887	1	91.8323	0.037
2.4914	1	91.8566	0.03701
2.4942	1	91.881	0.03702
2.4969	1	91.9053	0.03703
2.4997	1	91.9297	0.03704
2.5024	1	91.954	0.03705
2.5051	1	91.9783	0.03706
2.5079	1	92.0025	0.03707
2.5106	1	92.0268	0.03708
2.5133	1	92.051	0.03709
2.5161	1	92.0752	0.0371
2.5188	1	92.0993	0.03711
2.5216	1	92.1235	0.03711
2.5243	1	92.1476	0.03712
2.527	1	92.1717	0.03713
2.5298	1	92.1958	0.03714
2.5325	1	92.2199	0.03715
2.5352	1	92.244	0.03716
2.538	1	92.268	0.03717
2.5407	1	92.292	0.03718
2.5435	1	92.316	0.03719
2.5462	1	92.34	0.0372
2.5489	1	92.3639	0.03721
2.5517	1	92.3879	0.03722
2.5544	1	92.4118	0.03723
2.5572	1	92.4357	0.03724
2.5599	1	92.4595	0.03725
2.5626	1	92.4834	0.03726
2.5654	1	92.5072	0.03727
2.5681	1	92.531	0.03728
2.5708	1	92.5548	0.03729
2.5736	1	92.5786	0.0373
2.5763	1	92.6023	0.0373
2.5791	1	92.6261	0.03731
2.5818	1	92.6498	0.03732
2.5845	1	92.6735	0.03733
2.5873	1	92.6971	0.03734
2.59	1	92.7208	0.03735
2.5927	1	92.7444	0.03736
2.5955	1	92.768	0.03737
2.5982	1	92.7916	0.03738
2.601	1	92.8152	0.03739
2.6037	1	92.8388	0.0374
2.6064	1	92.8623	0.03741
2.6092	1	92.8858	0.03742
2.6119	1	92.9093	0.03743
2.6146	1	92.9328	0.03743
2.6174	1	92.9562	0.03744
2.6201	1	92.9797	0.03745
2.6229	1	93.0031	0.03746
2.6256	1	93.0265	0.03747
2.6283	1	93.0499	0.03748
2.6311	1	93.0732	0.03749
2.6338	1	93.0966	0.0375
2.6366	1	93.1199	0.03751
2.6393	1	93.1432	0.03752
2.642	1	93.1665	0.03753
2.6448	1	93.1898	0.03753
2.6475	1	93.213	0.03754
2.6502	1	93.2363	0.03755
2.653	1	93.2595	0.03756
2.6557	1	93.2827	0.03757
2.6585	1	93.3059	0.03758
2.6612	1	93.329	0.03759
2.6639	1	93.3522	0.0376
2.6667	1	93.3753	0.03761
2.6694	1	93.3984	0.03762
2.6721	1	93.4215	0.03762
2.6749	1	93.4446	0.03763
2.6776	1	93.4676	0.03764
2.6804	1	93.4906	0.03765
2.6831	1	93.5137	0.03766
2.6858	1	93.5367	0.03767
2.6886	1	93.5596	0.03768
2.6913	1	93.5826	0.03769
2.694	1	93.6056	0.03769
2.6968	1	93.6285	0.0377
2.6995	1	93.6514	0.03771
2.7023	1	93.6743	0.03772
2.705	1	93.6972	0.03773
2.7077	1	93.7201	0.03774
2.7105	1	93.7429	0.03775
2.7132	1	93.7658	0.03776
2.7159	1	93.7886	0.03776
2.7187	1	93.8114	0.03777
2.7214	1	93.8342	0.03778
2.7242	1	93.8569	0.03779
2.7269	1	93.8797	0.0378
2.7296	1	93.9024	0.03781
2.7324	1	93.9252	0.03782
2.7351	1	93.9479	0.03782
2.7379	1	93.9706	0.03783
2.7406	1	93.9932	0.03784
2.7433	1	94.0159	0.03785
2.7461	1	94.0385	0.03786
2.7488	1	94.0612	0.03787
2.7515	1	94.0838	0.03788
2.7543	1	94.1064	0.03788
2.757	1	94.129	0.03789
2.7598	1	94.1516	0.0379
2.7625	1	94.1741	0.03791
2.7652	1	94.1967	0.03792
2.768	1	94.2192	0.03793
2.7707	1	94.2417	0.03793
2.7734	1	94.2642	0.03794
2.7762	1	94.2867	0.03795
2.7789	1	94.3092	0.03796
2.7817	1	94.3317	0.03797
2.7844	1	94.3541	0.03798
2.7871	1	94.3765	0.03798
2.7899	1	94.399	0.03799
2.7926	1	94.4214	0.038
2.7953	1	94.4438	0.03801
2.7981	1	94.4662	0.03802
2.8008	1	94.4885	0.03802
2.8036	1	94.5109	0.03803
2.8063	1	94.5332	0.03804
2.809	1	94.5556	0.03805
2.8118	1	94.5779	0.03806
2.8145	1	94.6002	0.03807
2.8172	1	94.6225	0.03807
2.82	1	94.6447	0.03808
2.8227	1	94.667	0.03809
2.8255	1	94.6893	0.0381
2.8282	1	94.7115	0.03811
2.8309	1	94.7337	0.03811
2.8337	1	94.7559	0.03812
2.8364	1	94.7782	0.03813
2.8392	1	94.8003	0.03814
2.8419	1	94.8225	0.03815
2.8446	1	94.8447	0.03815
2.8474	1	94.8668	0.03816
2.8501	1	94.889	0.03817
2.8528	1	94.9111	0.03818
2.8556	1	94.9332	0.03819
2.8583	1	94.9553	0.03819
2.8611	1	94.9774	0.0382
2.8638	1	94.9995	0.03821
2.8665	1	95.0216	0.03822
2.8693	1	95.0436	0.03822
2.872	1	95.0657	0.03823
2.8747	1	95.0877	0.03824
2.8775	1	95.1097	0.03825
2.8802	1	95.1317	0.03826
2.883	1	95.1537	0.03826
2.8857	1	95.1757	0.03827
2.8884	1	95.1977	0.03828
2.8912	1	95.2197	0.03829
2.8939	1	95.2416	0.03829
2.8966	1	95.2636	0.0383
2.8994	1	95.2855	0.03831
2.9021	1	95.3074	0.03832
2.9049	1	95.3293	0.03833
2.9076	1	95.3512	0.03833
2.9103	1	95.3731	0.03834
2.9131	1	95.3949	0.03835
2.9158	1	95.4168	0.03836
2.9185	1	95.4386	0.03836
2.9213	1	95.4605	0.03837
2.924	1	95.4823	0.03838
2.9268	1	95.5041	0.03839
2.9295	1	95.5259	0.03839
2.9322	1	95.5477	0.0384
2.935	1	95.5695	0.03841
2.9377	1	95.5913	0.03842
2.9405	1	95.613	0.03842
2.9432	1	95.6348	0.03843
2.9459	1	95.6565	0.03844
2.9487	1	95.6782	0.03845
2.9514	1	95.6999	0.03845
2.9541	1	95.7216	0.03846
2.9569	1	95.7433	0.03847
2.9596	1	95.765	0.03848
2.9624	1	95.7867	0.03848
2.9651	1	95.8083	0.03849
2.9678	1	95.83	0.0385
2.9706	1	95.8516	0.0385
2.9733	1	95.8732	0.03851
2.976	1	95.8948	0.03852
2.9788	1	95.9165	0.03853
2.9815	1	95.938	0.03853
2.9843	1	95.9596	0.03854
2.987	1	95.9812	0.03855
2.9897	1	96.0028	0.03856
2.9925	1	96.0243	0.03856
2.9952	1	96.0459	0.03857
2.9979	1	96.0674	0.03858
3.0007	1	96.0889	0.03858
3.0034	1	96.1104	0.03859
3.0062	1	96.1319	0.0386
3.0089	1	96.1534	0.03861
3.0116	1	96.1749	0.03861
3.0144	1	96.1964	0.03862
3.0171	1	96.2178	0.03863
3.0198	1	96.2393	0.03863
3.0226	1	96.2607	0.03864
3.0253	1	96.2821	0.03865
3.0281	1	96.3035	0.03866
3.0308	1	96.325	0.03866
3.0335	1	96.3464	0.03867
3.0363	1	96.3677	0.03868
3.039	1	96.3891	0.03868
3.0418	1	96.4105	0.03869
3.0445	1	96.4318	0.0387
3.0472	1	96.4532	0.0387
3.05	1	96.4745	0.03871
3.0527	1	96.4958	0.03872
3.0554	1	96.5172	0.03873
3.0582	1	96.5385	0.03873
3.0609	1	96.5598	0.03874
3.0637	1	96.581	0.03875
3.0664	1	96.6023	0.03875
3.0691	1	96.6236	0.03876
3.0719	1	96.6448	0.03877
3.0746000000000002	1	96.6661	0.03877
3.0773	1	96.6873	0.03878
3.0801	1	96.7085	0.03879
3.0828	1	96.7298	0.03879
3.0856	1	96.751	0.0388
3.0883	1	96.7722	0.03881
3.091	1	96.7933	0.03881
3.0938	1	96.8145	0.03882
3.0965	1	96.8357	0.03883
3.0992	1	96.8568	0.03883
3.102	1	96.878	0.03884
3.1047	1	96.8991	0.03885
3.1075	1	96.9203	0.03885
3.1102	1	96.9414	0.03886
3.1129	1	96.9625	0.03887
3.1157	1	96.9836	0.03887
3.1184	1	97.0047	0.03888
3.1211	1	97.0258	0.03889
3.1239	1	97.0468	0.03889
3.1266	1	97.0679	0.0389
3.1294	1	97.0889	0.03891
3.1321	1	97.11	0.03891
3.1348	1	97.131	0.03892
3.1376	1	97.1521	0.03893
3.1403	1	97.1731	0.03893
3.1431	1	97.1941	0.03894
3.1458	1	97.2151	0.03895
3.1485	1	97.2361	0.03895
3.1513	1	97.257	0.03896
3.154	1	97.278	0.03897
3.1567	1	97.299	0.03897
3.1595	1	97.3199	0.03898
3.1622	1	97.3409	0.03899
3.165	1	97.3618	0.03899
3.1677	1	97.3827	0.039
3.1704	1	97.4036	0.03901
3.1732	1	97.4245	0.03901
3.1759	1	97.4454	0.03902
3.1786	1	97.4663	0.03902
3.1814	1	97.4872	0.03903
3.1841	1	97.5081	0.03904
3.1869	1	97.5289	0.03904
3.1896	1	97.5498	0.03905
3.1923	1	97.5706	0.03906
3.1951	1	97.5914	0.03906
3.1978	1	97.6123	0.03907
3.2005	1	97.6331	0.03908
3.2033	1	97.6539	0.03908
3.206	1	97.6747	0.03909
3.2088	1	97.6954	0.03909
3.2115	1	97.7162	0.0391
3.2142	1	97.737	0.03911
3.217	1	97.7577	0.03911
3.2197	1	97.7785	0.03912
3.2225	1	97.7992	0.03913
3.2252	1	97.8199	0.03913
3.2279	1	97.8406	0.03914
3.2307	1	97.8614	0.03914
3.2334	1	97.8821	0.03915
3.2361	1	97.9027	0.03916
3.2389	1	97.9234	0.03916
3.2416	1	97.9441	0.03917
3.2444	1	97.9647	0.03917
3.2471	1	97.9854	0.03918
3.2498	1	98.006	0.03919
3.2526	1	98.0267	0.03919
3.2553	1	98.0473	0.0392
3.258	1	98.0679	0.0392
3.2608	1	98.0885	0.03921
3.2635	1	98.1091	0.03922
3.2663	1	98.1297	0.03922
3.269	1	98.1503	0.03923
3.2717	1	98.1708	0.03924
3.2745	1	98.1914	0.03924
3.2772	1	98.2119	0.03925
3.2799	1	98.2325	0.03925
3.2827	1	98.253	0.03926
3.2854	1	98.2735	0.03927
3.2882	1	98.294	0.03927
3.2909	1	98.3145	0.03928
3.2936	1	98.335	0.03928
3.2964	1	98.3555	0.03929
3.2991	1	98.3759	0.03929
3.3018	1	98.3964	0.0393
3.3046	1	98.4169	0.03931
3.3073	1	98.4373	0.03931
3.3101	1	98.4577	0.03932
3.3128	1	98.4782	0.03932
3.3155	1	98.4986	0.03933
3.3183	1	98.519	0.03934
3.321	1	98.5394	0.03934
3.3238	1	98.5598	0.03935
3.3265	1	98.5801	0.03935
3.3292	1	98.6005	0.03936
3.332	1	98.6209	0.03937
3.3347	1	98.6412	0.03937
3.3374	1	98.6615	0.03938
3.3402	1	98.6819	0.03938
3.3429	1	98.7022	0.03939
3.3457	1	98.7225	0.03939
3.3484	1	98.7428	0.0394
3.3511	1	98.7631	0.03941
3.3539	1	98.7834	0.03941
3.3566	1	98.8036	0.03942
3.3593	1	98.8239	0.03942
3.3621	1	98.8442	0.03943
3.3648	1	98.8644	0.03943
3.3676	1	98.8846	0.03944
3.3703	1	98.9049	0.03945
3.373	1	98.9251	0.03945
3.3758	1	98.9453	0.03946
3.3785	1	98.9655	0.03946
3.3812	1	98.9857	0.03947
3.384	1	99.0058	0.03947
3.3867	1	99.026	0.03948
3.3895	1	99.0461	0.03949
3.3922	1	99.0663	0.03949
3.3949	1	99.0864	0.0395
3.3977	1	99.1065	0.0395
3.4004	1	99.1267	0.03951
3.4031	1	99.1468	0.03951
3.4059	1	99.1669	0.03952
3.4086	1	99.1869	0.03952
3.4114	1	99.207	0.03953
3.4141	1	99.2271	0.03954
3.4168	1	99.2471	0.03954
3.4196	1	99.2672	0.03955
3.4223	1	99.2872	0.03955
3.4251	1	99.3072	0.03956
3.4278	1	99.3272	0.03956
3.4305	1	99.3472	0.03957
3.4333	1	99.3672	0.03957
3.436	1	99.387200000000007	0.03958
3.4387	1	99.4072	0.03958
3.4415	1	99.4272	0.03959
3.4442	1	99.4471	0.0396
3.447	1	99.4671	0.0396
3.4497	1	99.487	0.03961
3.4524	1	99.5069	0.03961
3.4552	1	99.5268	0.03962
3.4579	1	99.5467	0.03962
3.4606	1	99.5666	0.03963
3.4634	1	99.5865	0.03963
3.4661	1	99.6064	0.03964
3.4689	1	99.6262	0.03964
3.4716	1	99.6461	0.03965
3.4743	1	99.666	0.03966
3.4771	1	99.6858	0.03966
3.4798	1	99.7056	0.03967
3.4825	1	99.7254	0.03967
3.4853	1	99.7452	0.03968
3.488	1	99.765	0.03968
3.4908	1	99.7848	0.03969
3.4935	1	99.8046	0.03969
3.4962	1	99.8244	0.0397
3.499	1	99.8441	0.0397
3.5017	1	99.8639	0.03971
3.5044	1	99.8836	0.03971
3.5072	1	99.9034	0.03972
3.5099	1	99.9231	0.03972
3.5127	1	99.9428	0.03973
3.5154	1	99.9625	0.03973
3.5181	1	99.9822	0.03974
3.5209	1	100.0019	0.03975
3.5236	1	100.0216	0.03975
3.5264	1	100.0412	0.03976
3.5291	1	100.0609	0.03976
3.5318	1	100.0805	0.03977
3.5346	1	100.1002	0.03977
3.5373	1	100.1198	0.03978
3.54	1	100.1394	0.03978
3.5428	1	100.1591	0.03979
3.5455	1	100.1787	0.03979
3.5483	1	100.1983	0.0398
3.551	1	100.2178	0.0398
3.5537	1	100.2374	0.03981
3.5565	1	100.257	0.03981
3.5592	1	100.2765	0.03982
3.5619	1	100.2961	0.03982
3.5647	1	100.3156	0.03983
3.5674	1	100.3352	0.03983
3.5702	1	100.3547	0.03984
3.5729	1	100.3742	0.03984
3.5756	1	100.3937	0.03985
3.5784	1	100.4132	0.03985
3.5811	1	100.4327	0.03986
3.5838	1	100.4522	0.03986
3.5866	1	100.4717	0.03987
3.5893	1	100.4911	0.03987
3.5921	1	100.5106	0.03988
3.5948	1	100.53	0.03988
3.5975	1	100.5495	0.03989
3.6003	1	100.5689	0.0399
3.603	1	100.5883	0.0399
3.6057	1	100.6077	0.03991
3.6085	1	100.6271	0.03991
3.6112	1	100.6465	0.03992
3.614	1	100.6659	0.03992
3.6167	1	100.6853	0.03993
3.6194	1	100.7046	0.03993
3.6222	1	100.724	0.03994
3.6249	1	100.7434	0.03994
3.6277	1	100.7627	0.03995
3.6304	1	100.782	0.03995
3.6331	1	100.8013	0.03996
3.6359	1	100.8207	0.03996
3.6386	1	100.84	0.03997
3.6413	1	100.8593	0.03997
3.6441	1	100.8786	0.03998
3.6468	1	100.8978	0.03998
3.6496	1	100.9171	0.03999
3.6523	1	100.9364	0.03999
3.655	1	100.9556	0.04
3.6578	1	100.9749	0.04
3.6605	1	100.9941	0.04001
3.6632	1	101.0134	0.04001
3.666	1	101.0326	0.04002
3.6687	1	101.0518	0.04002
3.6715	1	101.071	0.04003
3.6742	1	101.0902	0.04003
3.6769	1	101.1094	0.04004
3.6797	1	101.1286	0.04004
3.6824	1	101.1477	0.04004
3.6851	1	101.1669	0.04005
3.6879	1	101.1861	0.04005
3.6906	1	101.2052	0.04006
3.6934	1	101.2244	0.04006
3.6961	1	101.2435	0.04007
3.6988	1	101.2626	0.04007
3.7016	1	101.2817	0.04008
3.7043	1	101.3008	0.04008
3.707	1	101.32	0.04009
3.7098	1	101.339	0.04009
3.7125	1	101.3581	0.0401
3.7153	1	101.3772	0.0401
3.718	1	101.3963	0.04011
3.7207	1	101.4153	0.04011
3.7235	1	101.4344	0.04012
3.7262	1	101.4535	0.04012
3.729	1	101.4725	0.04013
3.7317	1	101.4915	0.04013
3.7344	1	101.5106	0.04014
3.7372	1	101.5296	0.04014
3.7399	1	101.5486	0.04015
3.7426	1	101.5676	0.04015
3.7454	1	101.5866	0.04016
3.7481	1	101.6056	0.04016
3.7509	1	101.6246	0.04017
3.7536	1	101.6435	0.04017
3.7563	1	101.6625	0.04018
3.7591	1	101.6815	0.04018
3.7618	1	101.7004	0.04019
3.7645	1	101.7194	0.04019
3.7673	1	101.7383	0.0402
3.77	1	101.7572	0.0402
3.7728	1	101.7762	0.0402
3.7755	1	101.7951	0.04021
3.7782	1	101.814	0.04021
3.781	1	101.8329	0.04022
3.7837	1	101.8518	0.04022
3.7864	1	101.8707	0.04023
3.7892	1	101.8896	0.04023
3.7919	1	101.9085	0.04024
3.7947	1	101.9274	0.04024
3.7974	1	101.9462	0.04025
3.8001	1	101.9651	0.04025
3.8029	1	101.9839	0.04026
3.8056	1	102.0028	0.04026
3.8084	1	102.0216	0.04027
3.8111	1	102.0405	0.04027
3.8138	1	102.0593	0.04028
3.8166	1	102.0781	0.04028
3.8193	1	102.097	0.04029
3.822	1	102.1158	0.04029
3.8248	1	102.1346	0.0403
3.8275	1	102.1534	0.0403
3.8303	1	102.1722	0.0403
3.833	1	102.191	0.04031
3.8357	1	102.2097	0.04031
3.8385	1	102.2285	0.04032
3.8412	1	102.2473	0.04032
3.8439	1	102.2661	0.04033
3.8467	1	102.2848	0.04033
3.8494	1	102.3036	0.04034
3.8522	1	102.3223	0.04034
3.8549	1	102.3411	0.04035
3.8576	1	102.3598	0.04035
3.8604	1	102.3785	0.04036
3.8631	1	102.3972	0.04036
3.8658	1	102.416	0.04037
3.8686	1	102.4347	0.04037
3.8713	1	102.4534	0.04037
3.8741	1	102.4721	0.04038
3.8768	1	102.4908	0.04038
3.8795	1	102.5095	0.04039
3.8823	1	102.5282	0.04039
3.885	1	102.5469	0.0404
3.8877	1	102.5655	0.0404
3.8905	1	102.5842	0.04041
3.8932	1	102.6029	0.04041
3.896	1	102.6215	0.04042
3.8987	1	102.6402	0.04042
3.9014	1	102.6588	0.04043
3.9042	1	102.6775	0.04043
3.9069	1	102.6961	0.04044
3.9097	1	102.7148	0.04044
3.9124	1	102.7334	0.04044
3.9151	1	102.752	0.04045
3.9179	1	102.7706	0.04045
3.9206	1	102.7893	0.04046
3.9233	1	102.8079	0.04046
3.9261	1	102.8265	0.04047
3.9288	1	102.8451	0.04047
3.9316	1	102.8637	0.04048
3.9343	1	102.8823	0.04048
3.937	1	102.9009	0.04049
3.9398	1	102.9195	0.04049
3.9425	1	102.938	0.0405
3.9452	1	102.9566	0.0405
3.948	1	102.9752	0.0405
3.9507	1	102.9938	0.04051
3.9535	1	103.0123	0.04051
3.9562	1	103.0309	0.04052
3.9589	1	103.0494	0.04052
3.9617	1	103.068	0.04053
3.9644	1	103.0865	0.04053
3.9671	1	103.1051	0.04054
3.9699	1	103.1236	0.04054
3.9726	1	103.1421	0.04055
3.9754	1	103.1607	0.04055
3.9781	1	103.1792	0.04055
3.9808	1	103.1977	0.04056
3.9836	1	103.2162	0.04056
3.9863	1	103.2348	0.04057
3.989	1	103.2533	0.04057
3.9918	1	103.2718	0.04058
3.9945	1	103.2903	0.04058
3.9973	1	103.3088	0.04059
4	1	103.3273	0.04059
4.0027	1	103.3458	0.0406
4.0055	1	103.3643	0.0406
4.0082	1	103.3827	0.0406
4.011	1	103.4012	0.04061
4.0137	1	103.4197	0.04061
4.0164	1	103.4382	0.04062
4.0192	1	103.4566	0.04062
4.0219	1	103.4751	0.04063
4.0246	1	103.4936	0.04063
4.0274	1	103.512	0.04064
4.0301	1	103.5305	0.04064
4.0329	1	103.5489	0.04065
4.0356	1	103.5674	0.04065
4.0383	1	103.5858	0.04065
4.0411	1	103.6043	0.04066
4.0438	1	103.6227	0.04066
4.0465	1	103.6412	0.04067
4.0493	1	103.6596	0.04067
4.052	1	103.678	0.04068
4.0548	1	103.6965	0.04068
4.0575	1	103.7149	0.04069
4.0602	1	103.7333	0.04069
4.063	1	103.7517	0.04069
4.0657	1	103.7701	0.0407
4.0684	1	103.7885	0.0407
4.0712	1	103.807	0.04071
4.0739	1	103.8254	0.04071
4.0767	1	103.8438	0.04072
4.0794	1	103.8622	0.04072
4.0821	1	103.8806	0.04073
4.0849	1	103.899	0.04073
4.0876	1	103.9174	0.04073
4.0903	1	103.9357	0.04074
4.0931	1	103.9541	0.04074
4.0958	1	103.9725	0.04075
4.0986	1	103.9909	0.04075
4.1013	1	104.0093	0.04076
4.104	1	104.0277	0.04076
4.1068	1	104.046	0.04077
4.1095	1	104.0644	0.04077
4.1123	1	104.0828	0.04078
4.115	1	104.1011	0.04078
4.1177	1	104.1195	0.04078
4.1205	1	104.1379	0.04079
4.1232	1	104.1562	0.04079
4.1259	1	104.1746	0.0408
4.1287	1	104.1929	0.0408
4.1314	1	104.2113	0.04081
4.1342	1	104.2296	0.04081
4.1369	1	104.248	0.04082
4.1396	1	104.2663	0.04082
4.1424	1	104.2847	0.04082
4.1451	1	104.303	0.04083
4.1478	1	104.3213	0.04083
4.1506	1	104.3397	0.04084
4.1533	1	104.358	0.04084
4.1561	1	104.3763	0.04085
4.1588	1	104.3947	0.04085
4.1615	1	104.413	0.04086
4.1643	1	104.4313	0.04086
4.167	1	104.4496	0.04086
4.1697	1	104.4679	0.04087
4.1725	1	104.4863	0.04087
4.1752	1	104.5046	0.04088
4.178	1	104.5229	0.04088
4.1807	1	104.5412	0.04089
4.1834	1	104.5595	0.04089
4.1862	1	104.5778	0.04089
4.1889	1	104.5961	0.0409
4.1916	1	104.6144	0.0409
4.1944	1	104.6327	0.04091
4.1971	1	104.651	0.04091
4.1999	1	104.6693	0.04092
4.2026	1	104.6876	0.04092
4.2053	1	104.7059	0.04093
4.2081	1	104.7242	0.04093
4.2108	1	104.7425	0.04093
4.2136	1	104.7608	0.04094
4.2163	1	104.7791	0.04094
4.219	1	104.7974	0.04095
4.2218	1	104.8157	0.04095
4.2245	1	104.8339	0.04096
4.2272	1	104.8522	0.04096
4.23	1	104.8705	0.04097
4.2327	1	104.8888	0.04097
4.2355	1	104.9071	0.04097
4.2382	1	104.9253	0.04098
4.2409	1	104.9436	0.04098
4.2437	1	104.9619	0.04099
4.2464	1	104.9802	0.04099
4.2491	1	104.9984	0.041
4.2519	1	105.0167	0.041
4.2546	1	105.035	0.041
4.2574	1	105.0532	0.04101
4.2601	1	105.0715	0.04101
4.2628	1	105.0898	0.04102
4.2656	1	105.108	0.04102
4.2683	1	105.1263	0.04103
4.271	1	105.1445	0.04103
4.2738	1	105.1628	0.04104
4.2765	1	105.1811	0.04104
4.2793	1	105.1993	0.04104
4.282	1	105.2176	0.04105
4.2847	1	105.2358	0.04105
4.2875	1	105.2541	0.04106
4.2902	1	105.2723	0.04106
4.293	1	105.2906	0.04107
4.2957	1	105.3088	0.04107
4.2984	1	105.3271	0.04107
4.3012	1	105.3453	0.04108
4.3039	1	105.3635	0.04108
4.3066	1	105.3818	0.04109
4.3094	1	105.4	0.04109
4.3121	1	105.4183	0.0411
4.3149	1	105.4365	0.0411
4.3176	1	105.4547	0.04111
4.3203	1	105.473	0.04111
4.3231	1	105.4912	0.04111
4.3258	1	105.5094	0.04112
4.3285	1	105.5277	0.04112
4.3313	1	105.5459	0.04113
4.334	1	105.5641	0.04113
4.3368	1	105.5824	0.04114
4.3395	1	105.6006	0.04114
4.3422	1	105.6188	0.04114
4.345	1	105.637	0.04115
4.3477	1	105.6553	0.04115
4.3504	1	105.6735	0.04116
4.3532	1	105.6917	0.04116
4.3559	1	105.7099	0.04117
4.3587	1	105.7281	0.04117
4.3614	1	105.7463	0.04117
4.3641	1	105.7646	0.04118
4.3669	1	105.7828	0.04118
4.3696	1	105.801	0.04119
4.3723	1	105.8192	0.04119
4.3751	1	105.8374	0.0412
4.3778	1	105.8556	0.0412
4.3806	1	105.8738	0.0412
4.3833	1	105.892	0.04121
4.386	1	105.9102	0.04121
4.3888	1	105.9284	0.04122
4.3915	1	105.9466	0.04122
4.3943	1	105.9648	0.04123
4.397	1	105.983	0.04123
4.3997	1	106.0012	0.04123
4.4025	1	106.0194	0.04124
4.4052	1	106.0376	0.04124
4.4079	1	106.0558	0.04125
4.4107	1	106.074	0.04125
4.4134	1	106.0922	0.04126
4.4162	1	106.1104	0.04126
4.4189	1	106.1286	0.04127
4.4216	1	106.1467	0.04127
4.4244	1	106.1649	0.04127
4.4271	1	106.1831	0.04128
4.4298	1	106.2013	0.04128
4.4326	1	106.2195	0.04129
4.4353	1	106.2377	0.04129
4.4381	1	106.2558	0.0413
4.4408	1	106.274	0.0413
4.4435	1	106.2922	0.0413
4.4463	1	106.3104	0.04131
4.449	1	106.3285	0.04131
4.4517	1	106.3467	0.04132
4.4545	1	106.3649	0.04132
4.4572	1	106.3831	0.04132
4.46	1	106.4012	0.04133
4.4627	1	106.4194	0.04133
4.4654	1	106.4376	0.04134
4.4682	1	106.4557	0.04134
4.4709	1	106.4739	0.04135
4.4736	1	106.4921	0.04135
4.4764	1	106.5102	0.04135
4.4791	1	106.5284	0.04136
4.4819	1	106.5465	0.04136
4.4846	1	106.5647	0.04137
4.4873	1	106.5829	0.04137
4.4901	1	106.601	0.04138
4.4928	1	106.6192	0.04138
4.4956	1	106.6373	0.04138
4.4983	1	106.6555	0.04139
4.501	1	106.6736	0.04139
4.5038	1	106.6918	0.0414
4.5065	1	106.7099	0.0414
4.5092	1	106.7281	0.04141
4.512	1	106.7462	0.04141
4.5147	1	106.7644	0.04141
4.5175	1	106.7825	0.04142
4.5202	1	106.8006	0.04142
4.5229	1	106.8188	0.04143
4.5257	1	106.8369	0.04143
4.5284	1	106.8551	0.04144
4.5311	1	106.8732	0.04144
4.5339	1	106.8913	0.04144
4.5366	1	106.9095	0.04145
4.5394	1	106.9276	0.04145
4.5421	1	106.9457	0.04146
4.5448	1	106.9639	0.04146
4.5476	1	106.982	0.04147
4.5503	1	107.0001	0.04147
4.553	1	107.0183	0.04147
4.5558	1	107.0364	0.04148
4.5585	1	107.0545	0.04148
4.5613	1	107.0727	0.04149
4.564	1	107.0908	0.04149
4.5667	1	107.1089	0.04149
4.5695	1	107.127	0.0415
4.5722	1	107.1452	0.0415
4.5749	1	107.1633	0.04151
4.5777	1	107.1814	0.04151
4.5804	1	107.1995	0.04152
4.5832	1	107.2176	0.04152
4.5859	1	107.2358	0.04152
4.5886	1	107.2539	0.04153
4.5914	1	107.272	0.04153
4.5941	1	107.2901	0.04154
4.5969	1	107.3082	0.04154
4.5996	1	107.3263	0.04154
4.6023	1	107.3444	0.04155
4.6051	1	107.3625	0.04155
4.6078	1	107.3806	0.04156
4.6105	1	107.3988	0.04156
4.6133	1	107.4169	0.04157
4.616	1	107.435	0.04157
4.6188	1	107.4531	0.04157
4.6215	1	107.4712	0.04158
4.6242	1	107.4893	0.04158
4.627	1	107.5074	0.04159
4.6297	1	107.5255	0.04159
4.6324	1	107.5436	0.0416
4.6352	1	107.5617	0.0416
4.6379	1	107.5798	0.0416
4.6407	1	107.5979	0.04161
4.6434	1	107.616	0.04161
4.6461	1	107.6341	0.04162
4.6489	1	107.6522	0.04162
4.6516	1	107.6702	0.04162
4.6543	1	107.6883	0.04163
4.6571	1	107.7064	0.04163
4.6598	1	107.7245	0.04164
4.6626	1	107.7426	0.04164
4.6653	1	107.7607	0.04165
4.668	1	107.7788	0.04165
4.6708	1	107.7969	0.04165
4.6735	1	107.8149	0.04166
4.6762	1	107.833	0.04166
4.679	1	107.8511	0.04167
4.6817	1	107.8692	0.04167
4.6845	1	107.8873	0.04167
4.6872	1	107.9053	0.04168
4.6899	1	107.9234	0.04168
4.6927	1	107.9415	0.04169
4.6954	1	107.9596	0.04169
4.6982	1	107.9777	0.04169
4.7009	1	107.9957	0.0417
4.7036	1	108.0138	0.0417
4.7064	1	108.0319	0.04171
4.7091	1	108.0499	0.04171
4.7118	1	108.068	0.04172
4.7146	1	108.0861	0.04172
4.7173	1	108.1041	0.04172
4.7201	1	108.1222	0.04173
4.7228	1	108.1403	0.04173
4.7255	1	108.1583	0.04174
4.7283	1	108.1764	0.04174
4.731	1	108.1945	0.04174
4.7337	1	108.2125	0.04175
4.7365	1	108.2306	0.04175
4.7392	1	108.2487	0.04176
4.742	1	108.2667	0.04176
4.7447	1	108.2848	0.04176
4.7474	1	108.3028	0.04177
4.7502	1	108.3209	0.04177
4.7529	1	108.3389	0.04178
4.7556	1	108.357	0.04178
4.7584	1	108.375	0.04179
4.7611	1	108.3931	0.04179
4.7639	1	108.4112	0.04179
4.7666	1	108.4292	0.0418
4.7693	1	108.4473	0.0418
4.7721	1	108.4653	0.04181
4.7748	1	108.4833	0.04181
4.7775	1	108.5014	0.04181
4.7803	1	108.5194	0.04182
4.783	1	108.5375	0.04182
4.7858	1	108.5555	0.04183
4.7885	1	108.5736	0.04183
4.7912	1	108.5916	0.04183
4.794	1	108.6097	0.04184
4.7967	1	108.6277	0.04184
4.7995	1	108.6457	0.04185
4.8022	1	108.6638	0.04185
4.8049	1	108.6818	0.04185
4.8077	1	108.6998	0.04186
4.8104	1	108.7179	0.04186
4.8131	1	108.7359	0.04187
4.8159	1	108.7539	0.04187
4.8186	1	108.772	0.04188
4.8214	1	108.79	0.04188
4.8241	1	108.808	0.04188
4.8268	1	108.8261	0.04189
4.8296	1	108.8441	0.04189
4.8323	1	108.8621	0.0419
4.835	1	108.8801	0.0419
4.8378	1	108.8982	0.0419
4.8405	1	108.9162	0.04191
4.8433	1	108.9342	0.04191
4.846	1	108.9522	0.04192
4.8487	1	108.9702	0.04192
4.8515	1	108.9883	0.04192
4.8542	1	109.0063	0.04193
4.8569	1	109.0243	0.04193
4.8597	1	109.0423	0.04194
4.8624	1	109.0603	0.04194
4.8652	1	109.0783	0.04194
4.8679	1	109.0963	0.04195
4.8706	1	109.1144	0.04195
4.8734	1	109.1324	0.04196
4.8761	1	109.1504	0.04196
4.8789	1	109.1684	0.04196
4.8816	1	109.1864	0.04197
4.8843	1	109.2044	0.04197
4.8871	1	109.2224	0.04198
4.8898	1	109.2404	0.04198
4.8925	1	109.2584	0.04198
4.8953	1	109.2764	0.04199
4.898	1	109.2944	0.04199
4.9008	1	109.3124	0.042
4.9035	1	109.3304	0.042
4.9062	1	109.3484	0.042
4.909	1	109.3664	0.04201
4.9117	1	109.3843	0.04201
4.9144	1	109.4023	0.04202
4.9172	1	109.4203	0.04202
4.9199	1	109.4383	0.04202
4.9227	1	109.4563	0.04203
4.9254	1	109.4743	0.04203
4.9281	1	109.4923	0.04204
4.9309	1	109.5102	0.04204
4.9336	1	109.5282	0.04204
4.9363	1	109.5462	0.04205
4.9391	1	109.5642	0.04205
4.9418	1	109.5822	0.04206
4.9446	1	109.6001	0.04206
4.9473	1	109.6181	0.04206
4.95	1	109.6361	0.04207
4.9528	1	109.654	0.04207
4.9555	1	109.672	0.04208
4.9582	1	109.69	0.04208
4.961	1	109.7079	0.04208
4.9637	1	109.7259	0.04209
4.9665	1	109.7439	0.04209
4.9692	1	109.7618	0.0421
4.9719	1	109.7798	0.0421
4.9747	1	109.7978	0.0421
4.9774	1	109.8157	0.04211
4.9802	1	109.8337	0.04211
4.9829	1	109.8516	0.04212
4.9856	1	109.8696	0.04212
4.9884	1	109.8875	0.04212
4.9911	1	109.9055	0.04213
4.9938	1	109.9234	0.04213
4.9966	1	109.9414	0.04214
4.9993	1	109.9593	0.04214
5.0021	1	109.9773	0.04214
5.0048	1	109.9952	0.04215
5.0075	1	110.0131	0.04215
5.0103	1	110.0311	0.04216
5.013	1	110.049	0.04216
5.0157	1	110.0669	0.04216
5.0185	1	110.0849	0.04217
5.0212	1	110.1028	0.04217
5.024	1	110.1207	0.04218
5.0267	1	110.1387	0.04218
5.0294	1	110.1566	0.04218
5.0322	1	110.1745	0.04219
5.0349	1	110.1924	0.04219
5.0376	1	110.2104	0.0422
5.0404	1	110.2283	0.0422
5.0431	1	110.2462	0.0422
5.0459	1	110.2641	0.04221
5.0486	1	110.282	0.04221
5.0513	1	110.3	0.04222
5.0541	1	110.3179	0.04222
5.0568	1	110.3358	0.04222
5.0595	1	110.3537	0.04223
5.0623	1	110.3716	0.04223
5.065	1	110.3895	0.04223
5.0678	1	110.4074	0.04224
5.0705	1	110.4253	0.04224
5.0732	1	110.4432	0.04225
5.076	1	110.4611	0.04225
5.0787	1	110.479	0.04225
5.0815	1	110.4969	0.04226
5.0833	1	110.2647	0.04164
5.1667	1	110.8006	0.04172
5.25	1	111.3338	0.0418
5.3333	1	111.8636	0.04187
5.4167	1	112.3895	0.04195
5.5	1	112.911	0.04203
5.5833	1	113.428	0.04211
5.6667	1	113.941	0.04218
5.75	1	114.45	0.04226
5.8333	1	114.9547	0.04234
5.9167	1	115.4549	0.04241
6	1	115.9509	0.04249
6.0833	1	116.4432	0.04257
6.1667	1	116.9325	0.04264
6.25	1	117.4196	0.04272
6.3333	1	117.9046	0.0428
6.4167	1	118.388	0.04287
6.5	1	118.87	0.04295
6.5833	1	119.3508	0.04303
6.6667	1	119.8303	0.04311
6.75	1	120.3085	0.04318
6.8333	1	120.7853	0.04326
6.9167	1	121.2604	0.04334
7	1	121.7338	0.04342
7.0833	1	122.2053	0.0435
7.1667	1	122.675	0.04358
7.25	1	123.1429	0.04366
7.3333	1	123.6092	0.04374
7.4167	1	124.0736	0.04382
7.5	1	124.5361	0.0439
7.5833	1	124.9964	0.04398
7.6667	1	125.4545	0.04406
7.75	1	125.9104	0.04414
7.8333	1	126.364	0.04422
7.9167	1	126.8156	0.0443
8	1	127.2651	0.04438
8.0833	1	127.7129	0.04446
8.1667	1	128.159	0.04454
8.25	1	128.6034	0.04462
8.3333	1	129.0466	0.0447
8.4167	1	129.4887	0.04478
8.5	1	129.93	0.04487
8.5833	1	130.3705	0.04495
8.6667	1	130.8103	0.04503
8.75	1	131.2495	0.04511
8.8333	1	131.6884	0.04519
8.9167	1	132.1269	0.04527
9	1	132.5652	0.04535
9.0833	1	133.0031	0.04543
9.1667	1	133.4404	0.04551
9.25	1	133.877	0.04559
9.3333	1	134.313	0.04566
9.4167	1	134.7483	0.04574
9.5	1	135.1829	0.04582
9.5833	1	135.6168	0.04589
9.6667	1	136.0501	0.04597
9.75	1	136.4829	0.04604
9.8333	1	136.9153	0.04612
9.9167	1	137.3474	0.04619
10	1	137.7795	0.04626
10.0833	1	138.21190000000001	0.04633
10.1667	1	138.6452	0.0464
10.25	1	139.0797	0.04647
10.3333	1	139.5158	0.04654
10.4167	1	139.954	0.04661
10.5	1	140.3948	0.04667
10.5833	1	140.8387	0.04674
10.6667	1	141.2859	0.0468
10.75	1	141.7368	0.04686
10.8333	1	142.1916	0.04692
10.9167	1	142.6501	0.04698
11	1	143.1126	0.04703
11.0833	1	143.5795	0.04709
11.1667	1	144.0511	0.04714
11.25	1	144.5276	0.04719
11.3333	1	145.0093	0.04723
11.4167	1	145.4964	0.04728
11.5	1	145.9891	0.04732
11.5833	1	146.4878	0.04736
11.6667	1	146.9927	0.0474
11.75	1	147.5041	0.04744
11.8333	1	148.0224	0.04747
11.9167	1	148.5478	0.0475
12	1	149.0807	0.04753
12.0833	1	149.6212	0.04755
12.1667	1	150.1694	0.04758
12.25	1	150.7256	0.04759
12.3333	1	151.2899	0.04761
12.4167	1	151.8623	0.04762
12.5	1	152.4425	0.04763
12.5833	1	153.0298	0.04763
12.6667	1	153.6234	0.04764
12.75	1	154.2223	0.04763
12.8333	1	154.8258	0.04763
12.9167	1	155.4329	0.04762
13	1	156.0426	0.0476
13.0833	1	156.6539	0.04758
13.1667	1	157.266	0.04756
13.25	1	157.8775	0.04754
13.3333	1	158.4871	0.04751
13.4167	1	159.0937	0.04747
13.5	1	159.6962	0.04744
13.5833	1	160.2939	0.0474
13.6667	1	160.8861	0.04735
13.75	1	161.472	0.0473
13.8333	1	162.0505	0.04725
13.9167	1	162.6207	0.0472
14	1	163.1816	0.04714
14.0833	1	163.7321	0.04707
14.1667	1	164.2717	0.04701
14.25	1	164.7994	0.04694
14.3333	1	165.3145	0.04687
14.4167	1	165.8165	0.04679
14.5	1	166.305	0.04671
14.5833	1	166.7799	0.04663
14.6667	1	167.2415	0.04655
14.75	1	167.6899	0.04646
14.8333	1	168.1255	0.04637
14.9167	1	168.5482	0.04628
15	1	168.958	0.04619
15.0833	1	169.3549	0.04609
15.1667	1	169.7389	0.04599
15.25	1	170.1099	0.04589
15.3333	1	170.468	0.04579
15.4167	1	170.8136	0.04569
15.5	1	171.1468	0.04559
15.5833	1	171.468	0.04548
15.6667	1	171.7773	0.04538
15.75	1	172.0748	0.04527
15.8333	1	172.3606	0.04516
15.9167	1	172.6345	0.04506
16	1	172.8967	0.04495
16.0833	1	173.147	0.04484
16.1667	1	173.3856	0.04473
16.25	1	173.6126	0.04462
16.3333	1	173.828	0.04451
16.4167	1	174.0321	0.0444
16.5	1	174.2251	0.04429
16.5833	1	174.4071	0.04418
16.6667	1	174.5784	0.04407
16.75	1	174.7392	0.04396
16.8333	1	174.8896	0.04385
16.9167	1	175.0301	0.04375
17	1	175.1609	0.04364
17.0833	1	175.2824	0.04353
17.1667	1	175.3951	0.04343
17.25	1	175.4995	0.04332
17.3333	1	175.5959	0.04322
17.4167	1	175.685	0.04311
17.5	1	175.7672	0.04301
17.5833	1	175.8432	0.04291
17.6667	1	175.9133	0.04281
17.75	1	175.9781	0.04271
17.8333	1	176.038	0.04261
17.9167	1	176.0935	0.04251
18	1	176.1449	0.04241
18.0833	1	176.1925	0.04232
18.1667	1	176.2368	0.04222
18.25	1	176.2779	0.04213
18.3333	1	176.3162	0.04204
18.4167	1	176.3518	0.04195
18.5	1	176.3851	0.04185
18.5833	1	176.4162	0.04177
18.6667	1	176.4453	0.04168
18.75	1	176.4724	0.04159
18.8333	1	176.4976	0.0415
18.9167	1	176.5211	0.04142
19	1	176.5432	0.04134
19.0833	1	176.5432	0.04134
