name = who
year = 2006
yname = wgt
sex = female
distribution = LMS
citation = WHO 2006
publication = WHO Multicentre Growth Reference Study Group (2006). WHO Child Growth Standards: Length/height-for-age, weight-for-age, weight-for-length, weight-for-height and body mass index-for-age: Methods and development. Geneva: World Health Organization; pp 312. (web site: http://www.who.int/childgrowth/publications/en/)
Remark = Supplement by Gerko Vink for wgt 10-19 yrs, given hgt 5-19 and bmi 5-19 references
[data]
x	L	M	S
0	0.3809	3.2322	0.14171
0.0027	0.3259	3.1957	0.14578
0.0055	0.3101	3.2104	0.14637
0.0082	0.2986	3.2315	0.14657
0.011	0.2891	3.2558	0.14658
0.0137	0.281	3.2821	0.14646
0.0164	0.2737	3.3099	0.14626
0.0192	0.2671	3.3388	0.146
0.0219	0.2609	3.3687	0.14569
0.0246	0.2551	3.3995	0.14534
0.0274	0.2497	3.4314	0.14498
0.0301	0.2446	3.4643	0.14459
0.0329	0.2397	3.4983	0.1442
0.0356	0.2349	3.5333	0.1438
0.0383	0.2304	3.5693	0.14339
0.0411	0.226	3.6063	0.14299
0.0438	0.2218	3.6438	0.14258
0.0465	0.2177	3.6818	0.14218
0.0493	0.2137	3.7201	0.14177
0.052	0.2099	3.7584	0.14138
0.0548	0.2061	3.7968	0.14098
0.0575	0.2024	3.8352	0.1406
0.0602	0.1989	3.8735	0.14021
0.063	0.1954	3.9116	0.13984
0.0657	0.1919	3.9495	0.13947
0.0684	0.1886	3.9872	0.1391
0.0712	0.1853	4.0247	0.13875
0.0739	0.1821	4.0618	0.1384
0.0767	0.1789	4.0987	0.13805
0.0794	0.1758	4.1353	0.13771
0.0821	0.1727	4.1716	0.13738
0.0849	0.1697	4.2075	0.13706
0.0876	0.1668	4.2431	0.13674
0.0903	0.1638	4.2783	0.13643
0.0931	0.161	4.3131	0.13613
0.0958	0.1582	4.3476	0.13583
0.0986	0.1554	4.3818	0.13554
0.1013	0.1526	4.4155	0.13526
0.104	0.1499	4.449	0.13498
0.1068	0.1473	4.482	0.1347
0.1095	0.1446	4.5148	0.13444
0.1123	0.142	4.5472	0.13418
0.115	0.1395	4.5793	0.13392
0.1177	0.1369	4.611	0.13367
0.1205	0.1344	4.6425	0.13342
0.1232	0.132	4.6736	0.13318
0.1259	0.1295	4.7044	0.13295
0.1287	0.1271	4.7349	0.13272
0.1314	0.1247	4.7651	0.1325
0.1342	0.1224	4.795	0.13228
0.1369	0.12	4.8245	0.13206
0.1396	0.1177	4.8538	0.13185
0.1424	0.1154	4.8828	0.13165
0.1451	0.1132	4.9115	0.13145
0.1478	0.1109	4.9399	0.13125
0.1506	0.1087	4.968	0.13106
0.1533	0.1065	4.9959	0.13087
0.1561	0.1044	5.0235	0.13068
0.1588	0.1022	5.0509	0.1305
0.1615	0.1001	5.078	0.13033
0.1643	0.098	5.1049	0.13015
0.167	0.0959	5.1315	0.12998
0.1697	0.0938	5.158	0.12982
0.1725	0.0918	5.1842	0.12966
0.1752	0.0897	5.2102	0.1295
0.178	0.0877	5.236	0.12934
0.1807	0.0857	5.2616	0.12919
0.1834	0.0838	5.287	0.12904
0.1862	0.0818	5.3121	0.12889
0.1889	0.0798	5.337	0.12875
0.1916	0.0779	5.3618	0.12861
0.1944	0.076	5.3863	0.12847
0.1971	0.0741	5.4107	0.12834
0.1999	0.0722	5.4348	0.12821
0.2026	0.0704	5.4587	0.12808
0.2053	0.0685	5.4825	0.12795
0.2081	0.0667	5.5061	0.12783
0.2108	0.0648	5.5295	0.1277
0.2136	0.063	5.5527	0.12758
0.2163	0.0612	5.5757	0.12747
0.219	0.0595	5.5986	0.12735
0.2218	0.0577	5.6213	0.12724
0.2245	0.0559	5.6438	0.12713
0.2272	0.0542	5.6662	0.12702
0.23	0.0525	5.6883	0.12691
0.2327	0.0508	5.7104	0.12681
0.2355	0.049	5.7322	0.12671
0.2382	0.0474	5.7539	0.1266
0.2409	0.0457	5.7755	0.12651
0.2437	0.044	5.7969	0.12641
0.2464	0.0424	5.8181	0.12631
0.2491	0.0407	5.8393	0.12622
0.2519	0.0391	5.8602	0.12613
0.2546	0.0375	5.881	0.12604
0.2574	0.0358	5.9017	0.12595
0.2601	0.0342	5.9223	0.12586
0.2628	0.0327	5.9427	0.12577
0.2656	0.0311	5.9629	0.12569
0.2683	0.0295	5.9831	0.12561
0.271	0.0279	6.0031	0.12553
0.2738	0.0264	6.0229	0.12545
0.2765	0.0249	6.0426	0.12537
0.2793	0.0233	6.0622	0.12529
0.282	0.0218	6.0817	0.12522
0.2847	0.0203	6.101	0.12514
0.2875	0.0188	6.1202	0.12507
0.2902	0.0173	6.1393	0.125
0.293	0.0158	6.1582	0.12493
0.2957	0.0144	6.1771	0.12486
0.2984	0.0129	6.1958	0.12479
0.3012	0.0114	6.2143	0.12472
0.3039	0.01	6.2328	0.12466000000000001
0.3066	0.0086	6.2511	0.12459
0.3094	0.0071	6.2693	0.12453
0.3121	0.0057	6.2874	0.12447
0.3149	0.0043	6.3054	0.12441
0.3176	0.0029	6.3232	0.12435
0.3203	0.0015	6.341	0.12429
0.3231	1e-4	6.3586	0.12423
0.3258	-0.0013	6.3761	0.12417
0.3285	-0.0026	6.3935	0.12412
0.3313	-0.004	6.4108	0.12406
0.334	-0.0053	6.428	0.12401
0.3368	-0.0067	6.445	0.12395
0.3395	-0.008	6.462	0.1239
0.3422	-0.0094	6.4788	0.12385
0.345	-0.0107	6.4956	0.1238
0.3477	-0.012	6.5122	0.12375
0.3504	-0.0133	6.5288	0.1237
0.3532	-0.0146	6.5452	0.12365
0.3559	-0.0159	6.5615	0.1236
0.3587	-0.0172	6.5777	0.12355
0.3614	-0.0185	6.5939	0.12351
0.3641	-0.0198	6.6099	0.12346
0.3669	-0.021	6.6258	0.12342
0.3696	-0.0223	6.6416	0.12337
0.3723	-0.0235	6.6573	0.12333
0.3751	-0.0248	6.6729	0.12329
0.3778	-0.026	6.6884	0.12325
0.3806	-0.0273	6.7039	0.12321
0.3833	-0.0285	6.7192	0.12317
0.386	-0.0297	6.7344	0.12313
0.3888	-0.0309	6.7495	0.12309
0.3915	-0.0321	6.7646	0.12305
0.3943	-0.0333	6.7795	0.12301
0.397	-0.0345	6.7944	0.12298
0.3997	-0.0357	6.8091	0.12294
0.4025	-0.0369	6.8238	0.12291
0.4052	-0.0381	6.8384	0.12287
0.4079	-0.0393	6.8529	0.12284
0.4107	-0.0404	6.8673	0.12281
0.4134	-0.0416	6.8816	0.12277
0.4162	-0.0428	6.8959	0.12274
0.4189	-0.0439	6.91	0.12271
0.4216	-0.045	6.9241	0.12268
0.4244	-0.0462	6.9381	0.12265
0.4271	-0.0473	6.952	0.12262
0.4298	-0.0484	6.9659	0.12259
0.4326	-0.0496	6.9797	0.12256
0.4353	-0.0507	6.9934	0.12254
0.4381	-0.0518	7.007	0.12251
0.4408	-0.0529	7.0205	0.12248
0.4435	-0.054	7.034	0.12246
0.4463	-0.0551	7.0474	0.12243
0.449	-0.0562	7.0607	0.12241
0.4517	-0.0573	7.074	0.12238
0.4545	-0.0583	7.0872	0.12236
0.4572	-0.0594	7.1003	0.12234
0.46	-0.0605	7.1133	0.12231
0.4627	-0.0615	7.1263	0.12229
0.4654	-0.0626	7.1393	0.12227
0.4682	-0.0637	7.1521	0.12225
0.4709	-0.0647	7.1649	0.12223
0.4736	-0.0658	7.1776	0.12221
0.4764	-0.0668	7.1903	0.12218999999999999
0.4791	-0.0678	7.2029	0.12217
0.4819	-0.0689	7.2154	0.12215
0.4846	-0.0699	7.2279	0.12214
0.4873	-0.0709	7.2403	0.12212
0.4901	-0.0719	7.2527	0.1221
0.4928	-0.0729	7.265	0.12208
0.4956	-0.0739	7.2772	0.12207
0.4983	-0.0749	7.2894	0.12205
0.501	-0.0759	7.3016	0.12204
0.5038	-0.0769	7.3136	0.12202
0.5065	-0.0779	7.3256	0.12201
0.5092	-0.0789	7.3376	0.122
0.512	-0.0799	7.3495	0.12198
0.5147	-0.0808	7.3614	0.12197
0.5175	-0.0818	7.3732	0.12196
0.5202	-0.0828	7.3849	0.12195
0.5229	-0.0837	7.3966	0.12194
0.5257	-0.0847	7.4082	0.12192
0.5284	-0.0857	7.4198	0.12191
0.5311	-0.0866	7.4314	0.1219
0.5339	-0.0875	7.4429	0.12189
0.5366	-0.0885	7.4543	0.12188
0.5394	-0.0894	7.4657	0.12188
0.5421	-0.0904	7.477	0.12187
0.5448	-0.0913	7.4883	0.12186
0.5476	-0.0922	7.4995	0.12185
0.5503	-0.0931	7.5107	0.12184
0.553	-0.094	7.5219	0.12184
0.5558	-0.095	7.533	0.12183
0.5585	-0.0959	7.544	0.12182
0.5613	-0.0968	7.5551	0.12182
0.564	-0.0977	7.566	0.12181
0.5667	-0.0986	7.5769	0.12181
0.5695	-0.0995	7.5878	0.1218
0.5722	-0.1003	7.5986	0.1218
0.5749	-0.1012	7.6094	0.12179
0.5777	-0.1021	7.6202	0.12179
0.5804	-0.103	7.6309	0.12179
0.5832	-0.1039	7.6416	0.12178
0.5859	-0.1047	7.6522	0.12178
0.5886	-0.1056	7.6628	0.12178
0.5914	-0.1065	7.6733	0.12177
0.5941	-0.1073	7.6838	0.12177
0.5969	-0.1082	7.6943	0.12177
0.5996	-0.109	7.7047	0.12177
0.6023	-0.1099	7.7151	0.12177
0.6051	-0.1107	7.7254	0.12177
0.6078	-0.1116	7.7357	0.12177
0.6105	-0.1124	7.746	0.12176
0.6133	-0.1132	7.7562	0.12176
0.616	-0.1141	7.7664	0.12176
0.6188	-0.1149	7.7766	0.12176
0.6215	-0.1157	7.7867	0.12177
0.6242	-0.1165	7.7968	0.12177
0.627	-0.1173	7.8068	0.12177
0.6297	-0.1181	7.8169	0.12177
0.6324	-0.119	7.8268	0.12177
0.6352	-0.1198	7.8368	0.12177
0.6379	-0.1206	7.8467	0.12177
0.6407	-0.1214	7.8566	0.12178
0.6434	-0.1222	7.8664	0.12178
0.6461	-0.1229	7.8762	0.12178
0.6489	-0.1237	7.886	0.12178
0.6516	-0.1245	7.8957	0.12179
0.6543	-0.1253	7.9054	0.12179
0.6571	-0.1261	7.9151	0.12179
0.6598	-0.1269	7.9247	0.1218
0.6626	-0.1276	7.9343	0.1218
0.6653	-0.1284	7.9439	0.1218
0.668	-0.1292	7.9534	0.12181
0.6708	-0.1299	7.9629	0.12181
0.6735	-0.1307	7.9724	0.12182
0.6762	-0.1314	7.9819	0.12182
0.679	-0.1322	7.9913	0.12182
0.6817	-0.1329	8.0007	0.12183
0.6845	-0.1337	8.01	0.12183
0.6872	-0.1344	8.0193	0.12184
0.6899	-0.1352	8.0286	0.12185
0.6927	-0.1359	8.0379	0.12185
0.6954	-0.1367	8.0471	0.12186
0.6982	-0.1374	8.0563	0.12186
0.7009	-0.1381	8.0655	0.12187
0.7036	-0.1388	8.0746	0.12187
0.7064	-0.1396	8.0837	0.12188
0.7091	-0.1403	8.0928	0.12189
0.7118	-0.141	8.1019	0.12189
0.7146	-0.1417	8.1109000000000009	0.1219
0.7173	-0.1424	8.1199	0.1219
0.7201	-0.1431	8.1289	0.12191
0.7228	-0.1438	8.1378	0.12192
0.7255	-0.1445	8.1468	0.12192
0.7283	-0.1452	8.1557	0.12193
0.731	-0.1459	8.1645	0.12194
0.7337	-0.1466	8.1734000000000009	0.12194
0.7365	-0.1473	8.1822	0.12195
0.7392	-0.148	8.191	0.12196
0.742	-0.1487	8.1998	0.12197
0.7447	-0.1494	8.2085	0.12197
0.7474	-0.1501	8.2172	0.12198
0.7502	-0.1507	8.2259	0.12199
0.7529	-0.1514	8.2346	0.12199
0.7556	-0.1521	8.2432	0.122
0.7584	-0.1528	8.2519	0.12201
0.7611	-0.1534	8.2605	0.12202
0.7639	-0.1541	8.269	0.12202
0.7666	-0.1547	8.2776	0.12203
0.7693	-0.1554	8.2861	0.12204
0.7721	-0.1561	8.2946	0.12205
0.7748	-0.1567	8.3031	0.12206
0.7775	-0.1574	8.3116	0.12206
0.7803	-0.158	8.3201	0.12207
0.783	-0.1587	8.3285	0.12208
0.7858	-0.1593	8.3369	0.12209
0.7885	-0.1599	8.3453	0.12209
0.7912	-0.1606	8.3536	0.1221
0.794	-0.1612	8.362	0.12211
0.7967	-0.1618	8.3703	0.12212
0.7995	-0.1625	8.3786	0.12213
0.8022	-0.1631	8.3869	0.12213
0.8049	-0.1637	8.3952	0.12214
0.8077	-0.1643	8.4035	0.12215
0.8104	-0.165	8.4117	0.12216
0.8131	-0.1656	8.4199	0.12217
0.8159	-0.1662	8.4281	0.12218
0.8186	-0.1668	8.4363	0.12218
0.8214	-0.1674	8.4445	0.12218999999999999
0.8241	-0.168	8.4526	0.1222
0.8268	-0.1686	8.4607	0.12221
0.8296	-0.1692	8.4688	0.12222
0.8323	-0.1698	8.4769	0.12222
0.835	-0.1704	8.485	0.12223
0.8378	-0.171	8.4931	0.12224
0.8405	-0.1716	8.5011	0.12225
0.8433	-0.1722	8.5092	0.12226
0.846	-0.1728	8.5172	0.12227
0.8487	-0.1734	8.5252	0.12227
0.8515	-0.174	8.5332	0.12228
0.8542	-0.1745	8.5411	0.12229
0.8569	-0.1751	8.5491	0.1223
0.8597	-0.1757	8.557	0.12231
0.86240000000000006	-0.1763	8.565	0.12231
0.8652	-0.1768	8.5729	0.12232
0.8679	-0.1774	8.5808	0.12233
0.8706	-0.178	8.5887	0.12234
0.8734	-0.1785	8.5965	0.12235
0.8761	-0.1791	8.6044	0.12235
0.8789	-0.1797	8.6122	0.12236
0.8816	-0.1802	8.6201	0.12237
0.8843	-0.1808	8.6279	0.12238
0.8871	-0.1813	8.6357	0.12239
0.8898	-0.1819	8.6435	0.12239
0.8925	-0.1824	8.6512	0.1224
0.8953	-0.183	8.659	0.12241
0.898	-0.1835	8.6667	0.12242
0.9008	-0.1841	8.6745	0.12243
0.9035	-0.1846	8.6822	0.12243
0.9062	-0.1851	8.6899	0.12244
0.909	-0.1857	8.6976	0.12245
0.9117	-0.1862	8.7053	0.12246
0.9144	-0.1867	8.713	0.12246
0.9172	-0.1873	8.7207	0.12247
0.9199	-0.1878	8.7283	0.12248
0.9227	-0.1883	8.736	0.12249
0.9254	-0.1889	8.7436	0.12249
0.9281	-0.1894	8.7512	0.1225
0.9309	-0.1899	8.7588	0.12251
0.9336	-0.1904	8.7664	0.12252
0.9363	-0.1909	8.774	0.12252
0.9391	-0.1914	8.7816	0.12253
0.9418	-0.192	8.7892	0.12254
0.9446	-0.1925	8.7968	0.12254
0.9473	-0.193	8.8043	0.12255
0.95	-0.1935	8.8119	0.12256
0.9528	-0.194	8.8194	0.12256
0.9555	-0.1945	8.8269	0.12257
0.9582	-0.195	8.8344	0.12258
0.961	-0.1955	8.842	0.12259
0.9637	-0.196	8.8495	0.12259
0.9665	-0.1965	8.8569	0.1226
0.9692	-0.197	8.8644	0.12261
0.9719	-0.1974	8.8719	0.12261
0.9747	-0.1979	8.8794	0.12262
0.9774	-0.1984	8.8868	0.12262
0.9802	-0.1989	8.8943	0.12263
0.9829	-0.1994	8.9017	0.12264
0.9856	-0.1999	8.9092	0.12264
0.9884	-0.2003	8.9166	0.12265
0.9911	-0.2008	8.924	0.12266
0.9938	-0.2013	8.9314	0.12266
0.9966	-0.2018	8.9388	0.12267
0.9993	-0.2022	8.9462	0.12267
1.0021	-0.2027	8.9536	0.12268
1.0048	-0.2032	8.961	0.12269
1.0075	-0.2036	8.9684	0.12269
1.0103	-0.2041	8.9757	0.1227
1.013	-0.2046	8.9831	0.1227
1.0157	-0.205	8.9904	0.12271
1.0185	-0.2055	8.9978	0.12272
1.0212	-0.2059	9.0051	0.12272
1.024	-0.2064	9.0125	0.12273
1.0267	-0.2068	9.0198	0.12273
1.0294	-0.2073	9.0271	0.12274
1.0322	-0.2077	9.0344	0.12274
1.0349	-0.2082	9.0417	0.12275
1.0376	-0.2086	9.049	0.12275
1.0404	-0.2091	9.0563	0.12276
1.0431	-0.2095	9.0636	0.12276
1.0459	-0.21	9.0709	0.12277
1.0486	-0.2104	9.0782	0.12277
1.0513	-0.2108	9.0854	0.12278
1.0541	-0.2113	9.0927	0.12278
1.0568	-0.2117	9.0999	0.12279
1.0595	-0.2121	9.1072	0.12279
1.0623	-0.2126	9.1144	0.1228
1.065	-0.213	9.1217	0.1228
1.0678	-0.2134	9.1289	0.12281
1.0705	-0.2139	9.1361	0.12281
1.0732	-0.2143	9.1434	0.12282
1.076	-0.2147	9.1506	0.12282
1.0787	-0.2151	9.1578	0.12282
1.0815	-0.2155	9.165	0.12283
1.0842	-0.216	9.1722	0.12283
1.0869	-0.2164	9.1794	0.12284
1.0897	-0.2168	9.1866	0.12284
1.0924	-0.2172	9.1938	0.12285
1.0951	-0.2176	9.2009	0.12285
1.0979	-0.218	9.2081	0.12285
1.1006	-0.2184	9.2153	0.12286
1.1034	-0.2188	9.2225	0.12286
1.1061	-0.2192	9.2296	0.12287
1.1088	-0.2196	9.2368	0.12287
1.1116	-0.22	9.2439	0.12287
1.1143	-0.2204	9.2511	0.12288
1.117	-0.2208	9.2582	0.12288
1.1198	-0.2212	9.2654	0.12288
1.1225	-0.2216	9.2725	0.12289
1.1253	-0.222	9.2796	0.12289
1.128	-0.2224	9.2867	0.12289
1.1307	-0.2228	9.2939	0.1229
1.1335	-0.2232	9.301	0.1229
1.1362	-0.2236	9.3081	0.1229
1.1389	-0.224	9.3152	0.12291
1.1417	-0.2243	9.3223	0.12291
1.1444	-0.2247	9.3294	0.12291
1.1472	-0.2251	9.3365	0.12292
1.1499	-0.2255	9.3436	0.12292
1.1526	-0.2259	9.3507	0.12292
1.1554	-0.2262	9.3578	0.12292
1.1581	-0.2266	9.3649	0.12293
1.1608	-0.227	9.372	0.12293
1.1636	-0.2274	9.379	0.12293
1.1663	-0.2277	9.3861	0.12294
1.1691	-0.2281	9.3932	0.12294
1.1718	-0.2285	9.4002	0.12294
1.1745	-0.2288	9.4073	0.12294
1.1773	-0.2292	9.4144	0.12295
1.18	-0.2296	9.4214	0.12295
1.1828	-0.2299	9.4285	0.12295
1.1855	-0.2303	9.4355	0.12295
1.1882	-0.2307	9.4426	0.12295
1.191	-0.231	9.4496	0.12296
1.1937	-0.2314	9.4567	0.12296
1.1964	-0.2317	9.4637	0.12296
1.1992	-0.2321	9.4707	0.12296
1.2019	-0.2324	9.4778	0.12296
1.2047	-0.2328	9.4848	0.12297
1.2074	-0.2331	9.4918	0.12297
1.2101	-0.2335	9.4988	0.12297
1.2129	-0.2338	9.5058	0.12297
1.2156	-0.2342	9.5129	0.12297
1.2183	-0.2345	9.5199	0.12298
1.2211	-0.2349	9.5269	0.12298
1.2238	-0.2352	9.5339	0.12298
1.2266	-0.2355	9.5409	0.12298
1.2293	-0.2359	9.5479	0.12298
1.232	-0.2362	9.5549	0.12298
1.2348	-0.2366	9.5619	0.12299
1.2375	-0.2369	9.5689	0.12299
1.2402	-0.2372	9.5759	0.12299
1.243	-0.2376	9.5829	0.12299
1.2457	-0.2379	9.5898	0.12299
1.2485	-0.2382	9.5968	0.12299
1.2512	-0.2385	9.6038	0.12299
1.2539	-0.2389	9.6108	0.123
1.2567	-0.2392	9.6178	0.123
1.2594	-0.2395	9.6247	0.123
1.2621	-0.2398	9.6317	0.123
1.2649	-0.2402	9.6387	0.123
1.2676	-0.2405	9.6457	0.123
1.2704	-0.2408	9.6526	0.123
1.2731	-0.2411	9.6596	0.123
1.2758	-0.2414	9.6665	0.12301
1.2786	-0.2418	9.6735	0.12301
1.2813	-0.2421	9.6805	0.12301
1.2841	-0.2424	9.6874	0.12301
1.2868	-0.2427	9.6944	0.12301
1.2895	-0.243	9.7013	0.12301
1.2923	-0.2433	9.7083	0.12301
1.295	-0.2436	9.7152	0.12301
1.2977	-0.2439	9.7222	0.12301
1.3005	-0.2442	9.7291	0.12302
1.3032	-0.2446	9.7361	0.12302
1.306	-0.2449	9.743	0.12302
1.3087	-0.2452	9.75	0.12302
1.3114	-0.2455	9.7569	0.12302
1.3142	-0.2458	9.7638	0.12302
1.3169	-0.2461	9.7708	0.12302
1.3196	-0.2464	9.7777	0.12302
1.3224	-0.2467	9.7846	0.12302
1.3251	-0.247	9.7916	0.12302
1.3279	-0.2472	9.7985	0.12303
1.3306	-0.2475	9.8054	0.12303
1.3333	-0.2478	9.8124	0.12303
1.3361	-0.2481	9.8193	0.12303
1.3388	-0.2484	9.8262	0.12303
1.3415	-0.2487	9.8331	0.12303
1.3443	-0.249	9.8401	0.12303
1.347	-0.2493	9.847	0.12303
1.3498000000000001	-0.2496	9.8539	0.12303
1.3525	-0.2499	9.8608	0.12303
1.3552	-0.2501	9.8677	0.12303
1.358	-0.2504	9.8746	0.12304
1.3607	-0.2507	9.8816	0.12304
1.3634	-0.251	9.8885	0.12304
1.3662	-0.2513	9.8954	0.12304
1.3689	-0.2515	9.9023	0.12304
1.3717	-0.2518	9.9092	0.12304
1.3744	-0.2521	9.9161	0.12304
1.3771	-0.2524	9.923	0.12304
1.3799	-0.2526	9.9299	0.12304
1.3826	-0.2529	9.9368	0.12304
1.3854	-0.2532	9.9437	0.12304
1.3881	-0.2535	9.9506	0.12305
1.3908	-0.2537	9.9575	0.12305
1.3936	-0.254	9.9644	0.12305
1.3963	-0.2543	9.9713	0.12305
1.399	-0.2545	9.9782	0.12305
1.4018	-0.2548	9.9851	0.12305
1.4045	-0.2551	9.992	0.12305
1.4073	-0.2553	9.9989	0.12305
1.41	-0.2556	10.0058	0.12305
1.4127	-0.2558	10.0127	0.12305
1.4155	-0.2561	10.0196	0.12305
1.4182	-0.2564	10.0265	0.12306
1.4209	-0.2566	10.0334	0.12306
1.4237	-0.2569	10.0402	0.12306
1.4264	-0.2571	10.0471	0.12306
1.4292	-0.2574	10.054	0.12306
1.4319	-0.2577	10.0609	0.12306
1.4346	-0.2579	10.0678	0.12306
1.4374	-0.2582	10.0746	0.12306
1.4401	-0.2584	10.0815	0.12306
1.4428	-0.2587	10.0884	0.12307
1.4456	-0.2589	10.0953	0.12307
1.4483	-0.2592	10.1021	0.12307
1.4511	-0.2594	10.109	0.12307
1.4538	-0.2597	10.1159	0.12307
1.4565	-0.2599	10.1227	0.12307
1.4593	-0.2601	10.1296	0.12307
1.462	-0.2604	10.1365	0.12307
1.4648	-0.2606	10.1433	0.12308
1.4675	-0.2609	10.1502	0.12308
1.4702	-0.2611	10.157	0.12308
1.473	-0.2614	10.1639	0.12308
1.4757	-0.2616	10.1707	0.12308
1.4784	-0.2618	10.1776	0.12308
1.4812	-0.2621	10.1845	0.12308
1.4839	-0.2623	10.1913	0.12309
1.4867	-0.2625	10.1982	0.12309
1.4894	-0.2628	10.205	0.12309
1.4921	-0.263	10.2119	0.12309
1.4949	-0.2632	10.2187	0.12309
1.4976	-0.2635	10.2255	0.12309
1.5003	-0.2637	10.2324	0.12309
1.5031	-0.2639	10.2392	0.1231
1.5058	-0.2642	10.2461	0.1231
1.5086	-0.2644	10.2529	0.1231
1.5113	-0.2646	10.2597	0.1231
1.514	-0.2649	10.2666	0.1231
1.5168	-0.2651	10.2734	0.1231
1.5195	-0.2653	10.2803	0.12311
1.5222	-0.2655	10.2871	0.12311
1.525	-0.2658	10.2939	0.12311
1.5277	-0.266	10.3008	0.12311
1.5305	-0.2662	10.3076	0.12311
1.5332	-0.2664	10.3144	0.12311
1.5359	-0.2666	10.3213	0.12312
1.5387	-0.2669	10.3281	0.12312
1.5414	-0.2671	10.3349	0.12312
1.5441	-0.2673	10.3417	0.12312
1.5469	-0.2675	10.3486	0.12312
1.5496	-0.2677	10.3554	0.12313
1.5524	-0.2679	10.3622	0.12313
1.5551	-0.2682	10.369	0.12313
1.5578	-0.2684	10.3759	0.12313
1.5606	-0.2686	10.3827	0.12313
1.5633	-0.2688	10.3895	0.12314
1.5661	-0.269	10.3963	0.12314
1.5688	-0.2692	10.4031	0.12314
1.5715	-0.2694	10.41	0.12314
1.5743	-0.2696	10.4168	0.12314
1.577	-0.2698	10.4236	0.12315
1.5797	-0.27	10.4304	0.12315
1.5825	-0.2702	10.4372	0.12315
1.5852	-0.2705	10.444	0.12315
1.588	-0.2707	10.4508	0.12316
1.5907	-0.2709	10.4577	0.12316
1.5934	-0.2711	10.4645	0.12316
1.5962	-0.2713	10.4713	0.12316
1.5989	-0.2715	10.4781	0.12316
1.6016	-0.2717	10.4849	0.12317
1.6044	-0.2719	10.4917	0.12317
1.6071	-0.2721	10.4985	0.12317
1.6099	-0.2723	10.5053	0.12317
1.6126	-0.2725	10.5121	0.12318
1.6153	-0.2727	10.5189	0.12318
1.6181	-0.2729	10.5257	0.12318
1.6208	-0.273	10.5325	0.12319
1.6235	-0.2732	10.5393	0.12319
1.6263	-0.2734	10.5461	0.12319
1.629	-0.2736	10.5529	0.12319
1.6318	-0.2738	10.5597	0.1232
1.6345	-0.274	10.5665	0.1232
1.6372	-0.2742	10.5733	0.1232
1.64	-0.2744	10.5801	0.1232
1.6427	-0.2746	10.5869	0.12321
1.6454	-0.2748	10.5937	0.12321
1.6482	-0.275	10.6005	0.12321
1.6509	-0.2751	10.6073	0.12322
1.6537	-0.2753	10.6141	0.12322
1.6564	-0.2755	10.6209	0.12322
1.6591	-0.2757	10.6277	0.12323
1.6619	-0.2759	10.6345	0.12323
1.6646	-0.2761	10.6413	0.12323
1.6674	-0.2763	10.6481	0.12324
1.6701	-0.2764	10.6549	0.12324
1.6728	-0.2766	10.6617	0.12324
1.6756	-0.2768	10.6685	0.12325
1.6783	-0.277	10.6753	0.12325
1.681	-0.2772	10.6821	0.12325
1.6838	-0.2773	10.6889	0.12326
1.6865	-0.2775	10.6957	0.12326
1.6893	-0.2777	10.7025	0.12326
1.692	-0.2779	10.7093	0.12327
1.6947	-0.278	10.7161	0.12327
1.6975	-0.2782	10.7229	0.12327
1.7002	-0.2784	10.7297	0.12328
1.7029	-0.2786	10.7365	0.12328
1.7057	-0.2787	10.7433	0.12328
1.7084	-0.2789	10.7501	0.12329
1.7112	-0.2791	10.7569	0.12329
1.7139	-0.2793	10.7637	0.1233
1.7166	-0.2794	10.7705	0.1233
1.7194	-0.2796	10.7773	0.1233
1.7221	-0.2798	10.7841	0.12331
1.7248000000000001	-0.2799	10.7909	0.12331
1.7276	-0.2801	10.7977	0.12332
1.7303	-0.2803	10.8045	0.12332
1.7331	-0.2804	10.8113	0.12332
1.7358	-0.2806	10.8181	0.12333
1.7385	-0.2808	10.8249	0.12333
1.7413	-0.2809	10.8317	0.12334
1.744	-0.2811	10.8385	0.12334
1.7467	-0.2813	10.8453	0.12335
1.7495	-0.2814	10.8521	0.12335
1.7522	-0.2816	10.8589	0.12336
1.755	-0.2818	10.8657	0.12336
1.7577	-0.2819	10.8725	0.12336
1.7604	-0.2821	10.8793	0.12337
1.7632	-0.2822	10.8861	0.12337
1.7659	-0.2824	10.8929	0.12338
1.7687	-0.2826	10.8997	0.12338
1.7714	-0.2827	10.9065	0.12339
1.7741	-0.2829	10.9133	0.12339
1.7769	-0.283	10.9202	0.1234
1.7796	-0.2832	10.927	0.1234
1.7823	-0.2834	10.9338	0.12341
1.7851	-0.2835	10.9406	0.12341
1.7878	-0.2837	10.9474	0.12342
1.7906	-0.2838	10.9542	0.12342
1.7933	-0.284	10.961	0.12343
1.796	-0.2841	10.9679	0.12343
1.7988	-0.2843	10.9747	0.12344
1.8015	-0.2844	10.9815	0.12344
1.8042	-0.2846	10.9883	0.12345
1.807	-0.2847	10.9951	0.12345
1.8097	-0.2849	11.0019	0.12346
1.8125	-0.285	11.0088	0.12346
1.8152	-0.2852	11.0156	0.12347
1.8179	-0.2853	11.0224	0.12347
1.8207	-0.2855	11.0292	0.12348
1.8234	-0.2856	11.036	0.12348
1.8261	-0.2858	11.0429	0.12349
1.8289	-0.2859	11.0497	0.1235
1.8316	-0.2861	11.0565	0.1235
1.8344	-0.2862	11.0633	0.12351
1.8371	-0.2864	11.0702	0.12351
1.8398	-0.2865	11.077	0.12352
1.8426	-0.2866	11.0838	0.12352
1.8453	-0.2868	11.0906	0.12353
1.848	-0.2869	11.0975	0.12353
1.8508	-0.2871	11.1043	0.12354
1.8535	-0.2872	11.1111	0.12355
1.8563	-0.2874	11.118	0.12355
1.859	-0.2875	11.1248	0.12356
1.8617	-0.2876	11.1316	0.12356
1.8645	-0.2878	11.1384	0.12357
1.8672	-0.2879	11.1453	0.12358
1.87	-0.2881	11.1521	0.12358
1.8727	-0.2882	11.1589	0.12359
1.8754	-0.2883	11.1658	0.12359
1.8782	-0.2885	11.1726	0.1236
1.8809	-0.2886	11.1795	0.12361
1.8836	-0.2887	11.1863	0.12361
1.8864	-0.2889	11.1931	0.12362
1.8891	-0.289	11.2	0.12362
1.8919	-0.2891	11.2068	0.12363
1.8946	-0.2893	11.2137	0.12364
1.8973	-0.2894	11.2205	0.12364
1.9001	-0.2895	11.2273	0.12365
1.9028	-0.2897	11.2342	0.12366
1.9055	-0.2898	11.241	0.12366
1.9083	-0.2899	11.2479	0.12367
1.911	-0.2901	11.2547	0.12367
1.9138	-0.2902	11.2616	0.12368
1.9165	-0.2903	11.2684	0.12369
1.9192	-0.2905	11.2753	0.12369
1.922	-0.2906	11.2821	0.1237
1.9247	-0.2907	11.2889	0.12371
1.9274	-0.2909	11.2958	0.12371
1.9302	-0.291	11.3026	0.12372
1.9329	-0.2911	11.3095	0.12373
1.9357	-0.2912	11.3163	0.12373
1.9384	-0.2914	11.3232	0.12374
1.9411	-0.2915	11.33	0.12375
1.9439	-0.2916	11.3369	0.12375
1.9466	-0.2917	11.3438	0.12376
1.9493	-0.2919	11.3506	0.12377
1.9521	-0.292	11.3575	0.12377
1.9548	-0.2921	11.3643	0.12378
1.9576	-0.2922	11.3712	0.12379
1.9603	-0.2924	11.378	0.12379
1.963	-0.2925	11.3849	0.1238
1.9658	-0.2926	11.3917	0.12381
1.9685	-0.2927	11.3986	0.12382
1.9713	-0.2928	11.4055	0.12382
1.974	-0.293	11.4123	0.12383
1.9767	-0.2931	11.4192	0.12384
1.9795	-0.2932	11.426	0.12384
1.9822	-0.2933	11.4329	0.12385
1.9849	-0.2934	11.4397	0.12386
1.9877	-0.2936	11.4466	0.12387
1.9904	-0.2937	11.4535	0.12387
1.9932	-0.2938	11.4603	0.12388
1.9959	-0.2939	11.4672	0.12389
1.9986	-0.294	11.4741	0.12389
2.0014	-0.2942	11.4809	0.1239
2.0041	-0.2943	11.4878	0.12391
2.0068	-0.2944	11.4946	0.12392
2.0096	-0.2945	11.5015	0.12392
2.0123	-0.2946	11.5084	0.12393
2.0151	-0.2947	11.5152	0.12394
2.0178	-0.2948	11.5221	0.12395
2.0205	-0.295	11.529	0.12395
2.0233	-0.2951	11.5358	0.12396
2.026	-0.2952	11.5427	0.12397
2.0287	-0.2953	11.5496	0.12398
2.0315	-0.2954	11.5564	0.12399
2.0342	-0.2955	11.5633	0.12399
2.037	-0.2956	11.5702	0.124
2.0397	-0.2957	11.577	0.12401
2.0424	-0.2959	11.5839	0.12402
2.0452	-0.296	11.5907	0.12402
2.0479	-0.2961	11.5976	0.12403
2.0507	-0.2962	11.6045	0.12404
2.0534	-0.2963	11.6113	0.12405
2.0561	-0.2964	11.6182	0.12406
2.0589	-0.2965	11.6251	0.12406
2.0616	-0.2966	11.6319	0.12407
2.0643	-0.2967	11.6388	0.12408
2.0671	-0.2968	11.6456	0.12409
2.0698	-0.2969	11.6525	0.1241
2.0726	-0.297	11.6594	0.1241
2.0753	-0.2972	11.6662	0.12411
2.078	-0.2973	11.6731	0.12412
2.0808	-0.2974	11.6799	0.12413
2.0835	-0.2975	11.6868	0.12414
2.0862	-0.2976	11.6937	0.12415
2.089	-0.2977	11.7005	0.12415
2.0917	-0.2978	11.7074	0.12416
2.0945	-0.2979	11.7142	0.12417
2.0972	-0.298	11.7211	0.12418
2.0999	-0.2981	11.7279	0.12419
2.1027	-0.2982	11.7348	0.1242
2.1054	-0.2983	11.7416	0.12421
2.1081	-0.2984	11.7485	0.12421
2.1109	-0.2985	11.7553	0.12422
2.1136	-0.2986	11.7622	0.12423
2.1164	-0.2987	11.769	0.12424
2.1191	-0.2988	11.7759	0.12425
2.1218	-0.2989	11.7827	0.12426
2.1246	-0.299	11.7896	0.12427
2.1273	-0.2991	11.7964	0.12428
2.13	-0.2992	11.8033	0.12429
2.1328	-0.2993	11.8101	0.12429
2.1355	-0.2994	11.817	0.1243
2.1383	-0.2995	11.8238	0.12431
2.141	-0.2996	11.8307	0.12432
2.1437	-0.2997	11.8375	0.12433
2.1465	-0.2998	11.8443	0.12434
2.1492	-0.2999	11.8512	0.12435
2.152	-0.3	11.858	0.12436
2.1547	-0.3001	11.8648	0.12437
2.1574	-0.3002	11.8717	0.12438
2.1602	-0.3003	11.8785	0.12439
2.1629	-0.3004	11.8853	0.1244
2.1656	-0.3005	11.8922	0.12441
2.1684	-0.3006	11.899	0.12441
2.1711	-0.3007	11.9058	0.12442
2.1739	-0.3007	11.9126	0.12443
2.1766	-0.3008	11.9194	0.12444
2.1793	-0.3009	11.9263	0.12445
2.1821	-0.301	11.9331	0.12446
2.1848	-0.3011	11.9399	0.12447
2.1875	-0.3012	11.9467	0.12448
2.1903	-0.3013	11.9535	0.12449
2.193	-0.3014	11.9603	0.1245
2.1958	-0.3015	11.9671	0.12451
2.1985	-0.3016	11.9739	0.12452
2.2012	-0.3017	11.9808	0.12453
2.204	-0.3018	11.9876	0.12454
2.2067	-0.3019	11.9944	0.12455
2.2094	-0.3019	12.0011	0.12456
2.2122	-0.302	12.0079	0.12457
2.2149	-0.3021	12.0147	0.12458
2.2177	-0.3022	12.0215	0.12459
2.2204	-0.3023	12.0283	0.1246
2.2231	-0.3024	12.0351	0.12461
2.2259	-0.3025	12.0419	0.12462
2.2286	-0.3026	12.0487	0.12463
2.2313	-0.3027	12.0554	0.12465
2.2341	-0.3027	12.0622	0.12466000000000001
2.2368	-0.3028	12.069	0.12467
2.2396	-0.3029	12.0758	0.12468
2.2423	-0.303	12.0825	0.12469
2.245	-0.3031	12.0893	0.1247
2.2478	-0.3032	12.0961	0.12471
2.2505	-0.3033	12.1028	0.12472
2.2533	-0.3033	12.1096	0.12473
2.256	-0.3034	12.1163	0.12474
2.2587	-0.3035	12.1231	0.12475
2.2615	-0.3036	12.1298	0.12476
2.2642	-0.3037	12.1366	0.12477
2.2669	-0.3038	12.1433	0.12479
2.2697	-0.3039	12.15	0.1248
2.2724	-0.3039	12.1568	0.12481
2.2752	-0.304	12.1635	0.12482
2.2779	-0.3041	12.1702	0.12483
2.2806	-0.3042	12.177	0.12484
2.2834	-0.3043	12.1837	0.12485
2.2861	-0.3044	12.1904	0.12486
2.2888	-0.3044	12.1971	0.12487
2.2916	-0.3045	12.2039	0.12489
2.2943	-0.3046	12.2106	0.1249
2.2971	-0.3047	12.2173	0.12491
2.2998	-0.3048	12.224	0.12492
2.3025	-0.3048	12.2307	0.12493
2.3053	-0.3049	12.2374	0.12494
2.308	-0.305	12.2441	0.12495
2.3107	-0.3051	12.2508	0.12497
2.3135	-0.3052	12.2575	0.12498
2.3162	-0.3052	12.2642	0.12499
2.319	-0.3053	12.2709	0.125
2.3217	-0.3054	12.2775	0.12501
2.3244	-0.3055	12.2842	0.12503
2.3272	-0.3056	12.2909	0.12504
2.3299	-0.3056	12.2976	0.12505
2.3326	-0.3057	12.3042	0.12506
2.3354	-0.3058	12.3109	0.12507
2.3381	-0.3059	12.3176	0.12509
2.3409	-0.3059	12.3242	0.1251
2.3436	-0.306	12.3309	0.12511
2.3463	-0.3061	12.3375	0.12512
2.3491	-0.30620000000000003	12.3442	0.12513
2.3518	-0.3063	12.3508	0.12515
2.3546	-0.3063	12.3575	0.12516
2.3573	-0.3064	12.3641	0.12517
2.36	-0.3065	12.3707	0.12518
2.3628	-0.3066	12.3774	0.1252
2.3655	-0.3066	12.384	0.12521
2.3682	-0.3067	12.3906	0.12522
2.371	-0.3068	12.3973	0.12523
2.3737	-0.3069	12.4039	0.12525
2.3765	-0.3069	12.4105	0.12526
2.3792	-0.307	12.4171	0.12527
2.3819	-0.3071	12.4237	0.12528
2.3847	-0.3072	12.4303	0.1253
2.3874	-0.3072	12.4369	0.12531
2.3901	-0.3073	12.4435	0.12532
2.3929	-0.3074	12.4501	0.12533
2.3956	-0.3074	12.4567	0.12535
2.3984	-0.3075	12.4633	0.12536
2.4011	-0.3076	12.4699	0.12537
2.4038	-0.3077	12.4765	0.12539
2.4066	-0.3077	12.4831	0.1254
2.4093	-0.3078	12.4896	0.12541
2.412	-0.3079	12.4962	0.12543
2.4148	-0.308	12.5028	0.12544
2.4175	-0.308	12.5093	0.12545
2.4203	-0.3081	12.5159	0.12547
2.423	-0.3082	12.5225	0.12548
2.4257	-0.3082	12.529	0.12549
2.4285	-0.3083	12.5356	0.12551
2.4312	-0.3084	12.5421	0.12552
2.4339	-0.3085	12.5487	0.12553
2.4367	-0.3085	12.5552	0.12555
2.4394	-0.3086	12.5617	0.12556
2.4422	-0.3087	12.5683	0.12557
2.4449	-0.3087	12.5748	0.12559
2.4476	-0.3088	12.5813	0.1256
2.4504	-0.3089	12.5879	0.12561
2.4531	-0.3089	12.5944	0.12563
2.4559	-0.309	12.6009	0.12564
2.4586	-0.3091	12.6074	0.12566
2.4613	-0.3091	12.6139	0.12567
2.4641	-0.3092	12.6204	0.12568
2.4668	-0.3093	12.6269	0.1257
2.4695	-0.3093	12.6334	0.12571
2.4723	-0.3094	12.6399	0.12573
2.475	-0.3095	12.6464	0.12574
2.4778	-0.3095	12.6529	0.12575
2.4805	-0.3096	12.6594	0.12577
2.4832	-0.3097	12.6659	0.12578
2.486	-0.3097	12.6723	0.1258
2.4887	-0.3098	12.6788	0.12581
2.4914	-0.3099	12.6853	0.12583
2.4942	-0.3099	12.6918	0.12584
2.4969	-0.31	12.6982	0.12585
2.4997	-0.3101	12.7047	0.12587
2.5024	-0.3101	12.7111	0.12588
2.5051	-0.3102	12.7176	0.1259
2.5079	-0.3103	12.724	0.12591
2.5106	-0.3103	12.7305	0.12593
2.5133	-0.3104	12.7369	0.12594
2.5161	-0.3105	12.7434	0.12596
2.5188	-0.3105	12.7498	0.12597
2.5216	-0.3106	12.7563	0.12599
2.5243	-0.3107	12.7627	0.126
2.527	-0.3107	12.7691	0.12602
2.5298	-0.3108	12.7755	0.12603
2.5325	-0.3109	12.782	0.12605
2.5352	-0.3109	12.7884	0.12606
2.538	-0.311	12.7948	0.12608
2.5407	-0.311	12.8012	0.12609
2.5435	-0.3111	12.8076	0.12611
2.5462	-0.3112	12.814	0.12612
2.5489	-0.3112	12.8204	0.12614
2.5517	-0.3113	12.8268	0.12615
2.5544	-0.3114	12.8332	0.12617
2.5572	-0.3114	12.8396	0.12618
2.5599	-0.3115	12.846	0.1262
2.5626	-0.3116	12.8524	0.12621
2.5654	-0.3116	12.8588	0.12623
2.5681	-0.3117	12.8651	0.12625
2.5708	-0.3117	12.8715	0.12626
2.5736	-0.3118	12.8779	0.12628
2.5763	-0.3119	12.8843	0.12629
2.5791	-0.3119	12.8906	0.12631
2.5818	-0.312	12.897	0.12632
2.5845	-0.312	12.9033	0.12634
2.5873	-0.3121	12.9097	0.12636
2.59	-0.3122	12.9161	0.12637
2.5927	-0.3122	12.9224	0.12639
2.5955	-0.3123	12.9288	0.1264
2.5982	-0.3123	12.9351	0.12642
2.601	-0.3124	12.9415	0.12644
2.6037	-0.3125	12.9478	0.12645
2.6064	-0.3125	12.9541	0.12647
2.6092	-0.3126	12.9605	0.12648
2.6119	-0.3126	12.9668	0.1265
2.6146	-0.3127	12.9732	0.12652
2.6174	-0.3128	12.9795	0.12653
2.6201	-0.3128	12.9858	0.12655
2.6229	-0.3129	12.9921	0.12656
2.6256	-0.3129	12.9985	0.12658
2.6283	-0.313	13.0048	0.1266
2.6311	-0.3131	13.0111	0.12661
2.6338	-0.3131	13.0174	0.12663
2.6366	-0.3132	13.0237	0.12665
2.6393	-0.3132	13.03	0.12666
2.642	-0.3133	13.0363	0.12668
2.6448	-0.3134	13.0427	0.1267
2.6475	-0.3134	13.049	0.12671
2.6502	-0.3135	13.0553	0.12673
2.653	-0.3135	13.0616	0.12675
2.6557	-0.3136	13.0679	0.12676
2.6585	-0.3136	13.0742	0.12678
2.6612	-0.3137	13.0804	0.1268
2.6639	-0.3138	13.0867	0.12681
2.6667	-0.3138	13.093	0.12683
2.6694	-0.3139	13.0993	0.12685
2.6721	-0.3139	13.1056	0.12687
2.6749	-0.314	13.1119	0.12688
2.6776	-0.314	13.1182	0.1269
2.6804	-0.3141	13.1245	0.12692
2.6831	-0.3142	13.1307	0.12693
2.6858	-0.3142	13.137	0.12695
2.6886	-0.3143	13.1433	0.12697
2.6913	-0.3143	13.1496	0.12699
2.694	-0.3144	13.1558	0.127
2.6968	-0.3144	13.1621	0.12702
2.6995	-0.3145	13.1684	0.12704
2.7023	-0.3145	13.1746	0.12706
2.705	-0.3146	13.1809	0.12707
2.7077	-0.3147	13.1872	0.12709
2.7105	-0.3147	13.1934	0.12711
2.7132	-0.3148	13.1997	0.12713
2.7159	-0.3148	13.2059	0.12714
2.7187	-0.3149	13.2122	0.12716
2.7214	-0.3149	13.2185	0.12718
2.7242	-0.315	13.2247	0.1272
2.7269	-0.315	13.231	0.12721
2.7296	-0.3151	13.2372	0.12723
2.7324	-0.3152	13.2435	0.12725
2.7351	-0.3152	13.2497	0.12727
2.7379	-0.3153	13.256	0.12729
2.7406	-0.3153	13.2622	0.1273
2.7433	-0.3154	13.2684	0.12732
2.7461	-0.3154	13.2747	0.12734
2.7488	-0.3155	13.2809	0.12736
2.7515	-0.3155	13.2872	0.12738
2.7543	-0.3156	13.2934	0.12739
2.757	-0.3156	13.2996	0.12741
2.7598	-0.3157	13.3059	0.12743
2.7625	-0.3158	13.3121	0.12745
2.7652	-0.3158	13.3183	0.12747
2.768	-0.3159	13.3246	0.12749
2.7707	-0.3159	13.3308	0.1275
2.7734	-0.316	13.337	0.12752
2.7762	-0.316	13.3433	0.12754
2.7789	-0.3161	13.3495	0.12756
2.7817	-0.3161	13.3557	0.12758
2.7844	-0.3162	13.3619	0.1276
2.7871	-0.3162	13.3682	0.12762
2.7899	-0.3163	13.3744	0.12763
2.7926	-0.3163	13.3806	0.12765
2.7953	-0.3164	13.3868	0.12767
2.7981	-0.3164	13.3931	0.12769
2.8008	-0.3165	13.3993	0.12771
2.8036	-0.3165	13.4055	0.12773
2.8063	-0.3166	13.4117	0.12775
2.809	-0.3167	13.4179	0.12777
2.8118	-0.3167	13.4242	0.12779
2.8145	-0.3168	13.4304	0.12781
2.8172	-0.3168	13.4366	0.12782
2.82	-0.3169	13.4428	0.12784
2.8227	-0.3169	13.449	0.12786
2.8255	-0.317	13.4552	0.12788
2.8282	-0.317	13.4614	0.1279
2.8309	-0.3171	13.4677	0.12792
2.8337	-0.3171	13.4739	0.12794
2.8364	-0.3172	13.4801	0.12796
2.8392	-0.3172	13.4863	0.12798
2.8419	-0.3173	13.4925	0.128
2.8446	-0.3173	13.4987	0.12802
2.8474	-0.3174	13.5049	0.12804
2.8501	-0.3174	13.5111	0.12806
2.8528	-0.3175	13.5173	0.12808
2.8556	-0.3175	13.5235	0.1281
2.8583	-0.3176	13.5297	0.12812
2.8611	-0.3176	13.5359	0.12814
2.8638	-0.3177	13.5421	0.12816
2.8665	-0.3177	13.5483	0.12818
2.8693	-0.3178	13.5545	0.12819
2.872	-0.3178	13.5607	0.12821
2.8747	-0.3179	13.5669	0.12823
2.8775	-0.3179	13.5731	0.12825
2.8802	-0.318	13.5793	0.12827
2.883	-0.318	13.5855	0.12829
2.8857	-0.3181	13.5917	0.12832
2.8884	-0.3181	13.5979	0.12834
2.8912	-0.3182	13.6041	0.12836
2.8939	-0.3182	13.6103	0.12838
2.8966	-0.3183	13.6165	0.1284
2.8994	-0.3183	13.6227	0.12842
2.9021	-0.3184	13.6289	0.12844
2.9049	-0.3184	13.6351	0.12846
2.9076	-0.3185	13.6413	0.12848
2.9103	-0.3185	13.6475	0.1285
2.9131	-0.3186	13.6537	0.12852
2.9158	-0.3186	13.6599	0.12854
2.9185	-0.3187	13.6661	0.12856
2.9213	-0.3187	13.6723	0.12858
2.924	-0.3188	13.6785	0.1286
2.9268	-0.3188	13.6847	0.12862
2.9295	-0.3189	13.6909	0.12864
2.9322	-0.3189	13.6971	0.12866
2.935	-0.319	13.7033	0.12868
2.9377	-0.319	13.7095	0.12871
2.9405	-0.3191	13.7157	0.12873
2.9432	-0.3191	13.7218	0.12875
2.9459	-0.3192	13.728	0.12877
2.9487	-0.3192	13.7342	0.12879
2.9514	-0.3193	13.7404	0.12881
2.9541	-0.3193	13.7466	0.12883
2.9569	-0.3194	13.7528	0.12885
2.9596	-0.3194	13.759	0.12887
2.9624	-0.3195	13.7652	0.1289
2.9651	-0.3195	13.7714	0.12892
2.9678	-0.3196	13.7776	0.12894
2.9706	-0.3196	13.7838	0.12896
2.9733	-0.3197	13.7899	0.12898
2.976	-0.3197	13.7961	0.129
2.9788	-0.3198	13.8023	0.12902
2.9815	-0.3198	13.8085	0.12905
2.9843	-0.3198	13.8147	0.12907
2.987	-0.3199	13.8209	0.12909
2.9897	-0.3199	13.8271	0.12911
2.9925	-0.32	13.8333	0.12913
2.9952	-0.32	13.8395	0.12915
2.9979	-0.3201	13.8456	0.12918
3.0007	-0.3201	13.8518	0.1292
3.0034	-0.3202	13.858	0.12922
3.0062	-0.3202	13.8642	0.12924
3.0089	-0.3203	13.8704	0.12926
3.0116	-0.3203	13.8766	0.12929
3.0144	-0.3204	13.8828	0.12931
3.0171	-0.3204	13.8889	0.12933
3.0198	-0.3205	13.8951	0.12935
3.0226	-0.3205	13.9013	0.12937
3.0253	-0.3206	13.9075	0.1294
3.0281	-0.3206	13.9137	0.12942
3.0308	-0.3207	13.9199	0.12944
3.0335	-0.3207	13.9261	0.12946
3.0363	-0.3208	13.9322	0.12948
3.039	-0.3208	13.9384	0.12951
3.0418	-0.3208	13.9446	0.12953
3.0445	-0.3209	13.9508	0.12955
3.0472	-0.3209	13.957	0.12957
3.05	-0.321	13.9632	0.1296
3.0527	-0.321	13.9693	0.12962
3.0554	-0.3211	13.9755	0.12964
3.0582	-0.3211	13.9817	0.12967
3.0609	-0.3212	13.9879	0.12969
3.0637	-0.3212	13.9941	0.12971
3.0664	-0.3213	14.0003	0.12973
3.0691	-0.3213	14.0064	0.12976
3.0719	-0.3214	14.0126	0.12978
3.0746000000000002	-0.3214	14.0188	0.1298
3.0773	-0.3215	14.025	0.12982
3.0801	-0.3215	14.0312	0.12985
3.0828	-0.3216	14.0373	0.12987
3.0856	-0.3216	14.0435	0.12989
3.0883	-0.3216	14.0497	0.12992
3.091	-0.3217	14.0559	0.12994
3.0938	-0.3217	14.0621	0.12996
3.0965	-0.3218	14.0682	0.12999
3.0992	-0.3218	14.0744	0.13001
3.102	-0.3219	14.0806	0.13003
3.1047	-0.3219	14.0868	0.13006
3.1075	-0.322	14.093	0.13008
3.1102	-0.322	14.0991	0.1301
3.1129	-0.3221	14.1053	0.13013
3.1157	-0.3221	14.1115	0.13015
3.1184	-0.3222	14.1177	0.13017
3.1211	-0.3222	14.1238	0.1302
3.1239	-0.3222	14.13	0.13022
3.1266	-0.3223	14.1362	0.13024
3.1294	-0.3223	14.1424	0.13027
3.1321	-0.3224	14.1485	0.13029
3.1348	-0.3224	14.1547	0.13032
3.1376	-0.3225	14.1609	0.13034
3.1403	-0.3225	14.1671	0.13036
3.1431	-0.3226	14.1732	0.13039
3.1458	-0.3226	14.1794	0.13041
3.1485	-0.3227	14.1856	0.13043
3.1513	-0.3227	14.1917	0.13046
3.154	-0.3227	14.1979	0.13048
3.1567	-0.3228	14.2041	0.13051
3.1595	-0.3228	14.2103	0.13053
3.1622	-0.3229	14.2164	0.13055
3.165	-0.3229	14.2226	0.13058
3.1677	-0.323	14.2288	0.1306
3.1704	-0.323	14.2349	0.13063
3.1732	-0.3231	14.2411	0.13065
3.1759	-0.3231	14.2473	0.13068
3.1786	-0.3232	14.2534	0.1307
3.1814	-0.3232	14.2596	0.13072
3.1841	-0.3232	14.2658	0.13075
3.1869	-0.3233	14.2719	0.13077
3.1896	-0.3233	14.2781	0.1308
3.1923	-0.3234	14.2843	0.13082
3.1951	-0.3234	14.2904	0.13085
3.1978	-0.3235	14.2966	0.13087
3.2005	-0.3235	14.3028	0.1309
3.2033	-0.3236	14.3089	0.13092
3.206	-0.3236	14.3151	0.13095
3.2088	-0.3237	14.3213	0.13097
3.2115	-0.3237	14.3274	0.13099
3.2142	-0.3237	14.3336	0.13102
3.217	-0.3238	14.3397	0.13104
3.2197	-0.3238	14.3459	0.13107
3.2225	-0.3239	14.3521	0.13109
3.2252	-0.3239	14.3582	0.13112
3.2279	-0.324	14.3644	0.13114
3.2307	-0.324	14.3705	0.13117
3.2334	-0.3241	14.3767	0.13119
3.2361	-0.3241	14.3829	0.13122
3.2389	-0.3241	14.389	0.13124
3.2416	-0.3242	14.3952	0.13127
3.2444	-0.3242	14.4013	0.13129
3.2471	-0.3243	14.4075	0.13132
3.2498	-0.3243	14.4136	0.13134
3.2526	-0.3244	14.4198	0.13137
3.2553	-0.3244	14.4259	0.1314
3.258	-0.3245	14.4321	0.13142
3.2608	-0.3245	14.4382	0.13145
3.2635	-0.3245	14.4444	0.13147
3.2663	-0.3246	14.4505	0.1315
3.269	-0.3246	14.4567	0.13152
3.2717	-0.3247	14.4628	0.13155
3.2745	-0.3247	14.469	0.13157
3.2772	-0.3248	14.4751	0.1316
3.2799	-0.3248	14.4813	0.13162
3.2827	-0.3249	14.4874	0.13165
3.2854	-0.3249	14.4936	0.13167
3.2882	-0.3249	14.4997	0.1317
3.2909	-0.325	14.5059	0.13173
3.2936	-0.325	14.512	0.13175
3.2964	-0.3251	14.5181	0.13178
3.2991	-0.3251	14.5243	0.1318
3.3018	-0.3252	14.5304	0.13183
3.3046	-0.3252	14.5366	0.13185
3.3073	-0.3253	14.5427	0.13188
3.3101	-0.3253	14.5488	0.13191
3.3128	-0.3253	14.555	0.13193
3.3155	-0.3254	14.5611	0.13196
3.3183	-0.3254	14.5673	0.13198
3.321	-0.3255	14.5734	0.13201
3.3238	-0.3255	14.5795	0.13204
3.3265	-0.3256	14.5857	0.13206
3.3292	-0.3256	14.5918	0.13209
3.332	-0.3257	14.5979	0.13211
3.3347	-0.3257	14.6041	0.13214
3.3374	-0.3257	14.6102	0.13217
3.3402	-0.3258	14.6163	0.13219
3.3429	-0.3258	14.6225	0.13222
3.3457	-0.3259	14.6286	0.13225
3.3484	-0.3259	14.6347	0.13227
3.3511	-0.326	14.6408	0.1323
3.3539	-0.326	14.647	0.13232
3.3566	-0.3261	14.6531	0.13235
3.3593	-0.3261	14.6592	0.13238
3.3621	-0.3261	14.6653	0.1324
3.3648	-0.3262	14.6715	0.13243
3.3676	-0.3262	14.6776	0.13246
3.3703	-0.3263	14.6837	0.13248
3.373	-0.3263	14.6898	0.13251
3.3758	-0.3264	14.696	0.13254
3.3785	-0.3264	14.7021	0.13256
3.3812	-0.3264	14.7082	0.13259
3.384	-0.3265	14.7143	0.13262
3.3867	-0.3265	14.7204	0.13264
3.3895	-0.3266	14.7265	0.13267
3.3922	-0.3266	14.7327	0.13269
3.3949	-0.3267	14.7388	0.13272
3.3977	-0.3267	14.7449	0.13275
3.4004	-0.3268	14.751	0.13278
3.4031	-0.3268	14.7571	0.1328
3.4059	-0.3268	14.7632	0.13283
3.4086	-0.3269	14.7693	0.13286
3.4114	-0.3269	14.7754	0.13288
3.4141	-0.327	14.7816	0.13291
3.4168	-0.327	14.7877	0.13294
3.4196	-0.3271	14.7938	0.13296
3.4223	-0.3271	14.7999	0.13299
3.4251	-0.3271	14.806	0.13302
3.4278	-0.3272	14.8121	0.13304
3.4305	-0.3272	14.8182	0.13307
3.4333	-0.3273	14.8243	0.1331
3.436	-0.3273	14.8304	0.13312
3.4387	-0.3274	14.8365	0.13315
3.4415	-0.3274	14.8426	0.13318
3.4442	-0.3274	14.8487	0.13321
3.447	-0.3275	14.8548	0.13323
3.4497	-0.3275	14.860900000000001	0.13326
3.4524	-0.3276	14.867	0.13329
3.4552	-0.3276	14.8731	0.13331
3.4579	-0.3277	14.8792	0.13334
3.4606	-0.3277	14.8853	0.13337
3.4634	-0.3278	14.8913	0.13339
3.4661	-0.3278	14.8974	0.13342
3.4689	-0.3278	14.9035	0.13345
3.4716	-0.3279	14.9096	0.13348
3.4743	-0.3279	14.9157	0.1335
3.4771	-0.328	14.9218	0.13353
3.4798	-0.328	14.9279	0.13356
3.4825	-0.3281	14.934	0.13359
3.4853	-0.3281	14.94	0.13361
3.488	-0.3281	14.9461	0.13364
3.4908	-0.3282	14.9522	0.13367
3.4935	-0.3282	14.9583	0.13369
3.4962	-0.3283	14.9644	0.13372
3.499	-0.3283	14.9704	0.13375
3.5017	-0.3284	14.9765	0.13378
3.5044	-0.3284	14.9826	0.1338
3.5072	-0.3284	14.9887	0.13383
3.5099	-0.3285	14.9948	0.13386
3.5127	-0.3285	15.0008	0.13389
3.5154	-0.3286	15.0069	0.13391
3.5181	-0.3286	15.013	0.13394
3.5209	-0.3287	15.019	0.13397
3.5236	-0.3287	15.0251	0.134
3.5264	-0.3287	15.0312	0.13402
3.5291	-0.3288	15.0373	0.13405
3.5318	-0.3288	15.0433	0.13408
3.5346	-0.3289	15.0494	0.13411
3.5373	-0.3289	15.0555	0.13413
3.54	-0.329	15.0615	0.13416
3.5428	-0.329	15.0676	0.13419
3.5455	-0.329	15.0736	0.13422
3.5483	-0.3291	15.0797	0.13425
3.551	-0.3291	15.0858	0.13427
3.5537	-0.3292	15.0918	0.1343
3.5565	-0.3292	15.0979	0.13433
3.5592	-0.3293	15.1039	0.13436
3.5619	-0.3293	15.11	0.13438
3.5647	-0.3293	15.1161	0.13441
3.5674	-0.3294	15.1221	0.13444
3.5702	-0.3294	15.1282	0.13447
3.5729	-0.3295	15.1342	0.13449
3.5756	-0.3295	15.1403	0.13452
3.5784	-0.3296	15.1463	0.13455
3.5811	-0.3296	15.1524	0.13458
3.5838	-0.3296	15.1584	0.13461
3.5866	-0.3297	15.1645	0.13463
3.5893	-0.3297	15.1705	0.13466
3.5921	-0.3298	15.1766	0.13469
3.5948	-0.3298	15.1826	0.13472
3.5975	-0.3299	15.1887	0.13474
3.6003	-0.3299	15.1947	0.13477
3.603	-0.3299	15.2008	0.1348
3.6057	-0.33	15.2068	0.13483
3.6085	-0.33	15.2128	0.13486
3.6112	-0.3301	15.2189	0.13488
3.614	-0.3301	15.2249	0.13491
3.6167	-0.3302	15.231	0.13494
3.6194	-0.3302	15.237	0.13497
3.6222	-0.3302	15.243	0.135
3.6249	-0.3303	15.2491	0.13502
3.6277	-0.3303	15.2551	0.13505
3.6304	-0.3304	15.2611	0.13508
3.6331	-0.3304	15.2672	0.13511
3.6359	-0.3305	15.2732	0.13514
3.6386	-0.3305	15.2792	0.13516
3.6413	-0.3305	15.2853	0.13519
3.6441	-0.3306	15.2913	0.13522
3.6468	-0.3306	15.2973	0.13525
3.6496	-0.3307	15.3034	0.13527
3.6523	-0.3307	15.3094	0.1353
3.655	-0.3308	15.3154	0.13533
3.6578	-0.3308	15.3214	0.13536
3.6605	-0.3308	15.3275	0.13539
3.6632	-0.3309	15.3335	0.13541
3.666	-0.3309	15.3395	0.13544
3.6687	-0.331	15.3455	0.13547
3.6715	-0.331	15.3516	0.1355
3.6742	-0.3311	15.3576	0.13553
3.6769	-0.3311	15.3636	0.13555
3.6797	-0.3311	15.3696	0.13558
3.6824	-0.3312	15.3756	0.13561
3.6851	-0.3312	15.3817	0.13564
3.6879	-0.3313	15.3877	0.13567
3.6906	-0.3313	15.3937	0.13569
3.6934	-0.3314	15.3997	0.13572
3.6961	-0.3314	15.4057	0.13575
3.6988	-0.3314	15.4117	0.13578
3.7016	-0.3315	15.4178	0.13581
3.7043	-0.3315	15.4238	0.13584
3.707	-0.3316	15.4298	0.13586
3.7098	-0.3316	15.4358	0.13589
3.7125	-0.3317	15.4418	0.13592
3.7153	-0.3317	15.4478	0.13595
3.718	-0.3317	15.4538	0.13598
3.7207	-0.3318	15.4598	0.136
3.7235	-0.3318	15.4658	0.13603
3.7262	-0.3319	15.4719	0.13606
3.729	-0.3319	15.4779	0.13609
3.7317	-0.332	15.4839	0.13612
3.7344	-0.332	15.4899	0.13614
3.7372	-0.332	15.4959	0.13617
3.7399	-0.3321	15.5019	0.1362
3.7426	-0.3321	15.5079	0.13623
3.7454	-0.3322	15.5139	0.13626
3.7481	-0.3322	15.5199	0.13628
3.7509	-0.3322	15.5259	0.13631
3.7536	-0.3323	15.5319	0.13634
3.7563	-0.3323	15.5379	0.13637
3.7591	-0.3324	15.5439	0.1364
3.7618	-0.3324	15.5499	0.13642
3.7645	-0.3325	15.5559	0.13645
3.7673	-0.3325	15.5619	0.13648
3.77	-0.3325	15.5679	0.13651
3.7728	-0.3326	15.5739	0.13654
3.7755	-0.3326	15.5799	0.13656
3.7782	-0.3327	15.5859	0.13659
3.781	-0.3327	15.5918	0.13662
3.7837	-0.3328	15.5978	0.13665
3.7864	-0.3328	15.6038	0.13668
3.7892	-0.3328	15.6098	0.1367
3.7919	-0.3329	15.6158	0.13673
3.7947	-0.3329	15.6218	0.13676
3.7974	-0.333	15.6278	0.13679
3.8001	-0.333	15.6338	0.13682
3.8029	-0.3331	15.6398	0.13684
3.8056	-0.3331	15.6458	0.13687
3.8084	-0.3331	15.6517	0.1369
3.8111	-0.3332	15.6577	0.13693
3.8138	-0.3332	15.6637	0.13696
3.8166	-0.3333	15.6697	0.13698
3.8193	-0.3333	15.6757	0.13701
3.822	-0.3334	15.6817	0.13704
3.8248	-0.3334	15.6877	0.13707
3.8275	-0.3334	15.6936	0.1371
3.8303	-0.3335	15.6996	0.13712
3.833	-0.3335	15.7056	0.13715
3.8357	-0.3336	15.7116	0.13718
3.8385	-0.3336	15.7176	0.13721
3.8412	-0.3337	15.7236	0.13724
3.8439	-0.3337	15.7295	0.13726
3.8467	-0.3337	15.7355	0.13729
3.8494	-0.3338	15.7415	0.13732
3.8522	-0.3338	15.7475	0.13735
3.8549	-0.3339	15.7534	0.13737
3.8576	-0.3339	15.7594	0.1374
3.8604	-0.3339	15.7654	0.13743
3.8631	-0.334	15.7714	0.13746
3.8658	-0.334	15.7774	0.13749
3.8686	-0.3341	15.7833	0.13751
3.8713	-0.3341	15.7893	0.13754
3.8741	-0.3342	15.7953	0.13757
3.8768	-0.3342	15.8013	0.1376
3.8795	-0.3342	15.8072	0.13763
3.8823	-0.3343	15.8132	0.13765
3.885	-0.3343	15.8192	0.13768
3.8877	-0.3344	15.8252	0.13771
3.8905	-0.3344	15.8311	0.13774
3.8932	-0.3345	15.8371	0.13776
3.896	-0.3345	15.8431	0.13779
3.8987	-0.3345	15.849	0.13782
3.9014	-0.3346	15.855	0.13785
3.9042	-0.3346	15.861	0.13788
3.9069	-0.3347	15.8669	0.1379
3.9097	-0.3347	15.8729	0.13793
3.9124	-0.3348	15.8789	0.13796
3.9151	-0.3348	15.8849	0.13799
3.9179	-0.3348	15.8908	0.13801
3.9206	-0.3349	15.8968	0.13804
3.9233	-0.3349	15.9028	0.13807
3.9261	-0.335	15.9087	0.1381
3.9288	-0.335	15.9147	0.13813
3.9316	-0.3351	15.9207	0.13815
3.9343	-0.3351	15.9266	0.13818
3.937	-0.3351	15.9326	0.13821
3.9398	-0.3352	15.9386	0.13824
3.9425	-0.3352	15.9445	0.13826
3.9452	-0.3353	15.9505	0.13829
3.948	-0.3353	15.9565	0.13832
3.9507	-0.3354	15.9624	0.13835
3.9535	-0.3354	15.9684	0.13838
3.9562	-0.3354	15.9744	0.1384
3.9589	-0.3355	15.9803	0.13843
3.9617	-0.3355	15.9863	0.13846
3.9644	-0.3356	15.9922	0.13849
3.9671	-0.3356	15.9982	0.13851
3.9699	-0.3357	16.0042	0.13854
3.9726	-0.3357	16.0101	0.13857
3.9754	-0.3357	16.0161	0.1386
3.9781	-0.3358	16.0221	0.13862
3.9808	-0.3358	16.028	0.13865
3.9836	-0.3359	16.034	0.13868
3.9863	-0.3359	16.0399	0.13871
3.989	-0.3359	16.0459	0.13873
3.9918	-0.336	16.0519	0.13876
3.9945	-0.336	16.0578	0.13879
3.9973	-0.3361	16.0638	0.13882
4	-0.3361	16.0697	0.13884
4.0027	-0.3362	16.0757	0.13887
4.0055	-0.3362	16.0817	0.1389
4.0082	-0.3362	16.0876	0.13893
4.011	-0.3363	16.0936	0.13895
4.0137	-0.3363	16.0995	0.13898
4.0164	-0.3364	16.1055	0.13901
4.0192	-0.3364	16.1115	0.13904
4.0219	-0.3365	16.1174	0.13907
4.0246	-0.3365	16.1234	0.13909
4.0274	-0.3365	16.1293	0.13912
4.0301	-0.3366	16.1353	0.13915
4.0329	-0.3366	16.1413	0.13918
4.0356	-0.3367	16.1472	0.1392
4.0383	-0.3367	16.1532	0.13923
4.0411	-0.3368	16.1591	0.13926
4.0438	-0.3368	16.1651	0.13928
4.0465	-0.3368	16.171	0.13931
4.0493	-0.3369	16.177	0.13934
4.052	-0.3369	16.1829	0.13937
4.0548	-0.337	16.1889	0.13938999999999999
4.0575	-0.337	16.1949	0.13942
4.0602	-0.3371	16.2008	0.13945
4.063	-0.3371	16.2068	0.13948
4.0657	-0.3371	16.2127	0.1395
4.0684	-0.3372	16.2187	0.13953
4.0712	-0.3372	16.2246	0.13956
4.0739	-0.3373	16.2306	0.13959
4.0767	-0.3373	16.2365	0.13961
4.0794	-0.3374	16.2425	0.13964
4.0821	-0.3374	16.2485	0.13967
4.0849	-0.3374	16.2544	0.1397
4.0876	-0.3375	16.2604	0.13972
4.0903	-0.3375	16.2663	0.13975
4.0931	-0.3376	16.2723	0.13978
4.0958	-0.3376	16.2782	0.1398
4.0986	-0.3377	16.2842	0.13983
4.1013	-0.3377	16.2901	0.13986
4.104	-0.3377	16.2961	0.13989
4.1068	-0.3378	16.302	0.13991
4.1095	-0.3378	16.308	0.13994
4.1123	-0.3379	16.314	0.13997
4.115	-0.3379	16.3199	0.14
4.1177	-0.338	16.3259	0.14002
4.1205	-0.338	16.3318	0.14005
4.1232	-0.338	16.3378	0.14008
4.1259	-0.3381	16.3437	0.1401
4.1287	-0.3381	16.3497	0.14013
4.1314	-0.3382	16.3556	0.14016
4.1342	-0.3382	16.3616	0.14019
4.1369	-0.3383	16.3675	0.14021
4.1396	-0.3383	16.3735	0.14024
4.1424	-0.3383	16.3794	0.14027
4.1451	-0.3384	16.3854	0.14029
4.1478	-0.3384	16.3913	0.14032
4.1506	-0.3385	16.3973	0.14035
4.1533	-0.3385	16.4032	0.14038
4.1561	-0.3386	16.4092	0.1404
4.1588	-0.3386	16.4151	0.14043
4.1615	-0.3386	16.4211	0.14046
4.1643	-0.3387	16.427	0.14048
4.167	-0.3387	16.433	0.14051
4.1697	-0.3388	16.4389	0.14054
4.1725	-0.3388	16.4449	0.14056
4.1752	-0.3389	16.4508	0.14059
4.178	-0.3389	16.4568	0.14062
4.1807	-0.3389	16.4627	0.14065
4.1834	-0.339	16.4687	0.14067
4.1862	-0.339	16.4746	0.1407
4.1889	-0.3391	16.4806	0.14073
4.1916	-0.3391	16.4865	0.14075
4.1944	-0.3392	16.4925	0.14078
4.1971	-0.3392	16.4984	0.14081
4.1999	-0.3392	16.5044	0.14083
4.2026	-0.3393	16.5103	0.14086
4.2053	-0.3393	16.5163	0.14089
4.2081	-0.3394	16.5222	0.14091
4.2108	-0.3394	16.5282	0.14094
4.2136	-0.3395	16.5341	0.14097
4.2163	-0.3395	16.5401	0.141
4.219	-0.3396	16.546	0.14102
4.2218	-0.3396	16.552	0.14105
4.2245	-0.3396	16.5579	0.14108
4.2272	-0.3397	16.5639	0.1411
4.23	-0.3397	16.5698	0.14113
4.2327	-0.3398	16.5758	0.14116
4.2355	-0.3398	16.5817	0.14118
4.2382	-0.3399	16.5876	0.14121
4.2409	-0.3399	16.5936	0.14124
4.2437	-0.3399	16.5995	0.14126
4.2464	-0.34	16.6055	0.14129
4.2491	-0.34	16.6114	0.14132
4.2519	-0.3401	16.6174	0.14134
4.2546	-0.3401	16.6233	0.14137
4.2574	-0.3402	16.6293	0.1414
4.2601	-0.3402	16.6352	0.14142
4.2628	-0.3402	16.6412	0.14145
4.2656	-0.3403	16.6471	0.14148
4.2683	-0.3403	16.653	0.1415
4.271	-0.3404	16.659	0.14153
4.2738	-0.3404	16.6649	0.14156
4.2765	-0.3405	16.6709	0.14158
4.2793	-0.3405	16.6768	0.14161
4.282	-0.3405	16.6828	0.14164
4.2847	-0.3406	16.6887	0.14166
4.2875	-0.3406	16.6947	0.14169
4.2902	-0.3407	16.7006	0.14172
4.293	-0.3407	16.7065	0.14174
4.2957	-0.3408	16.7125	0.14177
4.2984	-0.3408	16.7184	0.14179
4.3012	-0.3408	16.7244	0.14182
4.3039	-0.3409	16.7303	0.14185
4.3066	-0.3409	16.7363	0.14187
4.3094	-0.341	16.7422	0.1419
4.3121	-0.341	16.7481	0.14193
4.3149	-0.3411	16.7541	0.14195
4.3176	-0.3411	16.76	0.14198
4.3203	-0.3412	16.766	0.14201
4.3231	-0.3412	16.7719	0.14203
4.3258	-0.3412	16.7778	0.14206
4.3285	-0.3413	16.7838	0.14209
4.3313	-0.3413	16.7897	0.14211
4.334	-0.3414	16.7957	0.14214
4.3368	-0.3414	16.8016	0.14216
4.3395	-0.3415	16.8075	0.14219
4.3422	-0.3415	16.8135	0.14222
4.345	-0.3415	16.8194	0.14224
4.3477	-0.3416	16.8254	0.14227
4.3504	-0.3416	16.8313	0.1423
4.3532	-0.3417	16.8372	0.14232
4.3559	-0.3417	16.8432	0.14235
4.3587	-0.3418	16.8491	0.14237
4.3614	-0.3418	16.855	0.1424
4.3641	-0.3418	16.861	0.14243
4.3669	-0.3419	16.8669	0.14245
4.3696	-0.3419	16.8729	0.14248
4.3723	-0.342	16.8788	0.14251
4.3751	-0.342	16.8847	0.14253
4.3778	-0.3421	16.8907	0.14256
4.3806	-0.3421	16.8966	0.14258
4.3833	-0.3421	16.9025	0.14261
4.386	-0.3422	16.9085	0.14264
4.3888	-0.3422	16.9144	0.14266
4.3915	-0.3423	16.9203	0.14269
4.3943	-0.3423	16.9263	0.14271
4.397	-0.3424	16.9322	0.14274
4.3997	-0.3424	16.9381	0.14277
4.4025	-0.3425	16.9441	0.14279
4.4052	-0.3425	16.95	0.14282
4.4079	-0.3425	16.9559	0.14284
4.4107	-0.3426	16.9619	0.14287
4.4134	-0.3426	16.9678	0.1429
4.4162	-0.3427	16.9737	0.14292
4.4189	-0.3427	16.9796	0.14295
4.4216	-0.3428	16.9856	0.14297
4.4244	-0.3428	16.9915	0.143
4.4271	-0.3428	16.9974	0.14303
4.4298	-0.3429	17.0034	0.14305
4.4326	-0.3429	17.0093	0.14308
4.4353	-0.343	17.0152	0.1431
4.4381	-0.343	17.0211	0.14313
4.4408	-0.3431	17.0271	0.14315
4.4435	-0.3431	17.033	0.14318
4.4463	-0.3431	17.0389	0.14321
4.449	-0.3432	17.0448	0.14323
4.4517	-0.3432	17.0508	0.14326
4.4545	-0.3433	17.0567	0.14328
4.4572	-0.3433	17.0626	0.14331
4.46	-0.3434	17.0685	0.14334
4.4627	-0.3434	17.0744	0.14336
4.4654	-0.3434	17.0804	0.14339
4.4682	-0.3435	17.0863	0.14341
4.4709	-0.3435	17.0922	0.14344
4.4736	-0.3436	17.0981	0.14346
4.4764	-0.3436	17.104	0.14349
4.4791	-0.3437	17.11	0.14352
4.4819	-0.3437	17.1159	0.14354
4.4846	-0.3438	17.1218	0.14357
4.4873	-0.3438	17.1277	0.14359
4.4901	-0.3438	17.1336	0.14362
4.4928	-0.3439	17.1395	0.14364
4.4956	-0.3439	17.1455	0.14367
4.4983	-0.344	17.1514	0.14369
4.501	-0.344	17.1573	0.14372
4.5038	-0.3441	17.1632	0.14375
4.5065	-0.3441	17.1691	0.14377
4.5092	-0.3441	17.175	0.1438
4.512	-0.3442	17.1809	0.14382
4.5147	-0.3442	17.1868	0.14385
4.5175	-0.3443	17.1927	0.14387
4.5202	-0.3443	17.1987	0.1439
4.5229	-0.3444	17.2046	0.14392
4.5257	-0.3444	17.2105	0.14395
4.5284	-0.3444	17.2164	0.14398
4.5311	-0.3445	17.2223	0.144
4.5339	-0.3445	17.2282	0.14403
4.5366	-0.3446	17.2341	0.14405
4.5394	-0.3446	17.24	0.14408
4.5421	-0.3447	17.2459	0.1441
4.5448	-0.3447	17.2518	0.14413
4.5476	-0.3448	17.2577	0.14415
4.5503	-0.3448	17.2636	0.14418
4.553	-0.3448	17.2695	0.1442
4.5558	-0.3449	17.2754	0.14423
4.5585	-0.3449	17.2813	0.14426
4.5613	-0.345	17.2872	0.14428
4.564	-0.345	17.2931	0.14431
4.5667	-0.3451	17.299	0.14433000000000001
4.5695	-0.3451	17.3049	0.14436
4.5722	-0.3451	17.3108	0.14438
4.5749	-0.3452	17.3167	0.14441
4.5777	-0.3452	17.3226	0.14443
4.5804	-0.3453	17.3285	0.14446
4.5832	-0.3453	17.3344	0.14448
4.5859	-0.3454	17.3402	0.14451
4.5886	-0.3454	17.3461	0.14453
4.5914	-0.3454	17.352	0.14456
4.5941	-0.3455	17.3579	0.14458
4.5969	-0.3455	17.3638	0.14461
4.5996	-0.3456	17.3697	0.14463
4.6023	-0.3456	17.3756	0.14466
4.6051	-0.3457	17.3815	0.14468
4.6078	-0.3457	17.3873	0.14471
4.6105	-0.3457	17.3932	0.14473
4.6133	-0.3458	17.3991	0.14476
4.616	-0.3458	17.405	0.14479
4.6188	-0.3459	17.4109	0.14481
4.6215	-0.3459	17.4167	0.14484
4.6242	-0.346	17.4226	0.14486
4.627	-0.346	17.4285	0.14489
4.6297	-0.346	17.4344	0.14491
4.6324	-0.3461	17.4403	0.14494
4.6352	-0.3461	17.4461	0.14496
4.6379	-0.3462	17.452	0.14499
4.6407	-0.3462	17.4579	0.14501
4.6434	-0.3463	17.4637	0.14504
4.6461	-0.3463	17.4696	0.14506
4.6489	-0.3463	17.4755	0.14509
4.6516	-0.3464	17.4814	0.14511
4.6543	-0.3464	17.4872	0.14514
4.6571	-0.3465	17.4931	0.14516
4.6598	-0.3465	17.499	0.14519
4.6626	-0.3466	17.5048	0.14521
4.6653	-0.3466	17.5107	0.14524
4.668	-0.3467	17.5166	0.14526
4.6708	-0.3467	17.5224	0.14529
4.6735	-0.3467	17.5283	0.14531
4.6762	-0.3468	17.5341	0.14534
4.679	-0.3468	17.54	0.14536
4.6817	-0.3469	17.5459	0.14539
4.6845	-0.3469	17.5517	0.14541
4.6872	-0.347	17.5576	0.14544
4.6899	-0.347	17.5634	0.14546
4.6927	-0.347	17.5693	0.14549
4.6954	-0.3471	17.5751	0.14551
4.6982	-0.3471	17.581	0.14553
4.7009	-0.3472	17.5868	0.14556
4.7036	-0.3472	17.5927	0.14558
4.7064	-0.3473	17.5985	0.14561
4.7091	-0.3473	17.6044	0.14563
4.7118	-0.3473	17.6102	0.14566
4.7146	-0.3474	17.6161	0.14568
4.7173	-0.3474	17.6219	0.14571
4.7201	-0.3475	17.6278	0.14573
4.7228	-0.3475	17.6336	0.14576
4.7255	-0.3476	17.6394	0.14578
4.7283	-0.3476	17.6453	0.14581
4.731	-0.3476	17.6511	0.14583
4.7337	-0.3477	17.657	0.14586
4.7365	-0.3477	17.6628	0.14588
4.7392	-0.3478	17.6686	0.14591
4.742	-0.3478	17.6745	0.14593
4.7447	-0.3479	17.6803	0.14596
4.7474	-0.3479	17.6861	0.14598
4.7502	-0.3479	17.692	0.146
4.7529	-0.348	17.6978	0.14603
4.7556	-0.348	17.7036	0.14605
4.7584	-0.3481	17.7095	0.14608
4.7611	-0.3481	17.7153	0.1461
4.7639	-0.3482	17.7211	0.14613
4.7666	-0.3482	17.7269	0.14615
4.7693	-0.3482	17.7328	0.14618
4.7721	-0.3483	17.7386	0.1462
4.7748	-0.3483	17.7444	0.14623
4.7775	-0.3484	17.7502	0.14625
4.7803	-0.3484	17.7561	0.14628
4.783	-0.3485	17.7619	0.1463
4.7858	-0.3485	17.7677	0.14632
4.7885	-0.3485	17.7735	0.14635
4.7912	-0.3486	17.7793	0.14637
4.794	-0.3486	17.7851	0.1464
4.7967	-0.3487	17.791	0.14642
4.7995	-0.3487	17.7968	0.14645
4.8022	-0.3488	17.8026	0.14647
4.8049	-0.3488	17.8084	0.1465
4.8077	-0.3488	17.8142	0.14652
4.8104	-0.3489	17.82	0.14654
4.8131	-0.3489	17.8258	0.14657
4.8159	-0.349	17.8316	0.14659
4.8186	-0.349	17.8374	0.14662
4.8214	-0.3491	17.8432	0.14664
4.8241	-0.3491	17.849	0.14667
4.8268	-0.3491	17.8548	0.14669
4.8296	-0.3492	17.8606	0.14672
4.8323	-0.3492	17.8664	0.14674
4.835	-0.3493	17.8722	0.14676
4.8378	-0.3493	17.878	0.14679
4.8405	-0.3493	17.8838	0.14681
4.8433	-0.3494	17.8896	0.14684
4.846	-0.3494	17.8954	0.14686
4.8487	-0.3495	17.9012	0.14689
4.8515	-0.3495	17.907	0.14691
4.8542	-0.3496	17.9128	0.14693
4.8569	-0.3496	17.9186	0.14696
4.8597	-0.3496	17.9243	0.14698
4.8624	-0.3497	17.9301	0.14701
4.8652	-0.3497	17.9359	0.14703
4.8679	-0.3498	17.9417	0.14706
4.8706	-0.3498	17.9475	0.14708
4.8734	-0.3499	17.9533	0.1471
4.8761	-0.3499	17.959	0.14713
4.8789	-0.3499	17.9648	0.14715
4.8816	-0.35	17.9706	0.14718
4.8843	-0.35	17.9764	0.1472
4.8871	-0.3501	17.9821	0.14722
4.8898	-0.3501	17.9879	0.14725
4.8925	-0.3502	17.9937	0.14727
4.8953	-0.3502	17.9995	0.1473
4.898	-0.3502	18.0052	0.14732
4.9008	-0.3503	18.011	0.14735
4.9035	-0.3503	18.0168	0.14737
4.9062	-0.3504	18.0225	0.14739
4.909	-0.3504	18.0283	0.14742
4.9117	-0.3505	18.0341	0.14744
4.9144	-0.3505	18.0398	0.14747
4.9172	-0.3505	18.0456	0.14749
4.9199	-0.3506	18.0513	0.14751
4.9227	-0.3506	18.0571	0.14754
4.9254	-0.3507	18.0629	0.14756
4.9281	-0.3507	18.0686	0.14759
4.9309	-0.3507	18.0744	0.14761
4.9336	-0.3508	18.0801	0.14763
4.9363	-0.3508	18.0859	0.14766
4.9391	-0.3509	18.0916	0.14768
4.9418	-0.3509	18.0974	0.14771
4.9446	-0.351	18.1031	0.14773
4.9473	-0.351	18.1089	0.14775
4.95	-0.351	18.1146	0.14778
4.9528	-0.3511	18.1204	0.1478
4.9555	-0.3511	18.1261	0.14783
4.9582	-0.3512	18.1319	0.14785
4.961	-0.3512	18.1376	0.14787
4.9637	-0.3513	18.1434	0.1479
4.9665	-0.3513	18.1491	0.14792
4.9692	-0.3513	18.1548	0.14794
4.9719	-0.3514	18.1606	0.14797
4.9747	-0.3514	18.1663	0.14799
4.9774	-0.3515	18.172	0.14802
4.9802	-0.3515	18.1778	0.14804
4.9829	-0.3515	18.1835	0.14806
4.9856	-0.3516	18.1892	0.14809
4.9884	-0.3516	18.195	0.14811
4.9911	-0.3517	18.2007	0.14814
4.9938	-0.3517	18.2064	0.14816
4.9966	-0.3518	18.2122	0.14818
4.9993	-0.3518	18.2179	0.14821
5.0021	-0.3518	18.2236	0.14823
5.0048	-0.3519	18.2293	0.14825
5.0075	-0.3519	18.235	0.14828
5.0103	-0.352	18.2408	0.1483
5.013	-0.352	18.2465	0.14833
5.0157	-0.352	18.2522	0.14835
5.0185	-0.3521	18.2579	0.14837
5.0212	-0.3521	18.2636	0.1484
5.024	-0.3522	18.2693	0.14842
5.0267	-0.3522	18.2751	0.14844
5.0294	-0.3523	18.2808	0.14847
5.0322	-0.3523	18.2865	0.14849
5.0349	-0.3523	18.2922	0.14852
5.0376	-0.3524	18.2979	0.14854
5.0404	-0.3524	18.3036	0.14856
5.0431	-0.3525	18.3093	0.14859
5.0459	-0.3525	18.315	0.14861
5.0486	-0.3526	18.3207	0.14863
5.0513	-0.3526	18.3264	0.14866
5.0541	-0.3526	18.3321	0.14868
5.0568	-0.3527	18.3378	0.14871
5.0595	-0.3527	18.3435	0.14873
5.0623	-0.3528	18.3492	0.14875
5.065	-0.3528	18.3549	0.14878
5.0678	-0.3528	18.3606	0.1488
5.0705	-0.3529	18.3663	0.14882
5.0732	-0.3529	18.372	0.14885
5.076	-0.353	18.3777	0.14887
5.0787	-0.353	18.3834	0.14889
5.0815	-0.3531	18.389	0.14892
5.0833	-0.4681	18.2579	0.14295
5.1667	-0.4711	18.4329	0.1435
5.25	-0.4742	18.6073	0.14404
5.3333	-0.4773	18.7811	0.14459
5.4167	-0.4803	18.9545	0.14514
5.5	-0.4834	19.1276	0.14569
5.5833	-0.4864	19.3004	0.14624
5.6667	-0.4894	19.473	0.14679
5.75	-0.4924	19.6455	0.14735
5.8333	-0.4954	19.818	0.1479
5.9167	-0.4984	19.9908	0.14845
6	-0.5013	20.1639	0.149
6.0833	-0.5043	20.3377	0.14955
6.1667	-0.5072	20.5124	0.1501
6.25	-0.51	20.6885	0.15065
6.3333	-0.5129	20.8661	0.1512
6.4167	-0.5157	21.0457	0.15175
6.5	-0.5185	21.2274	0.1523
6.5833	-0.5213	21.4113	0.15284
6.6667	-0.524	21.5979	0.15339
6.75	-0.5268	21.7872	0.15393
6.8333	-0.5294	21.9795	0.15448
6.9167	-0.5321	22.1751	0.15502
7	-0.5347	22.374	0.15556
7.0833	-0.5372	22.5762	0.1561
7.1667	-0.5398	22.7816	0.15663
7.25	-0.5423	22.9904	0.15717
7.3333	-0.5447	23.2025	0.1577
7.4167	-0.5471	23.418	0.15823
7.5	-0.5495	23.6369	0.15876
7.5833	-0.5518	23.8593	0.15928
7.6667	-0.5541	24.0853	0.1598
7.75	-0.5563	24.3149	0.16032
7.8333	-0.5585	24.5482	0.16084
7.9167	-0.5606	24.7853	0.16135
8	-0.5627	25.0262	0.16186
8.0833	-0.5647	25.271	0.16237
8.1667	-0.5667	25.5197	0.16287
8.25	-0.5686	25.7721	0.16337
8.3333	-0.5704	26.0284	0.16386
8.4167	-0.5722	26.2883	0.16435
8.5	-0.574	26.5519	0.16483
8.5833	-0.5757	26.819	0.16532
8.6667	-0.5773	27.0896	0.16579
8.75	-0.5789	27.3635	0.16626
8.8333	-0.5804	27.6406	0.16673
8.9167	-0.5819	27.9208	0.16719
9	-0.5833	28.204	0.16764
9.0833	-0.5847	28.4901	0.16809
9.1667	-0.5859	28.7791	0.16854
9.25	-0.5872	29.0711	0.16897
9.3333	-0.5883	29.3663	0.16941
9.4167	-0.5895	29.6646	0.16983
9.5	-0.5905	29.9663	0.17025
9.5833	-0.5915	30.2715	0.17066
9.6667	-0.5925	30.5805	0.17107
9.75	-0.5934	30.8934	0.17146
9.8333	-0.5942	31.2105	0.17186
9.9167	-0.595	31.5319	0.17224
10	-0.5958	31.8578	0.17262
10.0833	-0.5958	31.8578	0.17262
10.1667	-0.504	32.2505	0.1756
10.25	-0.5092	32.5976	0.1759
10.3333	-0.5145	32.9514	0.1762
10.4167	-0.5198	33.3116	0.1764
10.5	-0.5253	33.6773	0.1767
10.5833	-0.5308	34.0485	0.1769
10.6667	-0.5363	34.4249	0.1771
10.75	-0.5418	34.8058	0.1774
10.8333	-0.5472	35.1907	0.1776
10.9167	-0.5527	35.5788	0.1777
11	-0.5581	35.9696	0.1779
11.0833	-0.5634	36.3629	0.1781
11.1667	-0.5686	36.7591	0.1782
11.25	-0.5737	37.1584	0.1784
11.3333	-0.5787	37.5606	0.1785
11.4167	-0.5835	37.9659	0.1786
11.5	-0.5883	38.3742	0.1787
11.5833	-0.5929	38.7851	0.1788
11.6667	-0.5974	39.1977	0.1788
11.75	-0.6018	39.6109	0.1789
11.8333	-0.6059	40.0235	0.1789
11.9167	-0.6099	40.4346	0.1789
12	-0.6137	40.8439	0.1789
12.0833	-0.6174	41.2514	0.1789
12.1667	-0.6208	41.6566	0.1788
12.25	-0.6241	42.0593	0.1788
12.3333	-0.6271	42.4591	0.1787
12.4167	-0.63	42.8559	0.1786
12.5	-0.6326	43.2499	0.1785
12.5833	-0.635	43.6413	0.1784
12.6667	-0.6371	44.0301	0.1782
12.75	-0.6391	44.4164	0.1781
12.8333	-0.6408	44.8005	0.1779
12.9167	-0.6423	45.1822	0.1777
13	-0.6436	45.5609	0.1776
13.0833	-0.6446	45.936	0.1774
13.1667	-0.6454	46.3066	0.1771
13.25	-0.646	46.6719	0.1769
13.3333	-0.6465	47.0316	0.1767
13.4167	-0.6467	47.3851	0.1764
13.5	-0.6467	47.7318	0.1762
13.5833	-0.6466	48.0716	0.176
13.6667	-0.6462	48.4042	0.1757
13.75	-0.6457	48.7296	0.1754
13.8333	-0.6451	49.0473	0.1752
13.9167	-0.6442	49.3571	0.1749
14	-0.6432	49.6591	0.1747
14.0833	-0.6421	49.9532	0.1744
14.1667	-0.6408	50.2393	0.1741
14.25	-0.6393	50.5173	0.1739
14.3333	-0.6376	50.7869	0.1736
14.4167	-0.6358	51.048	0.1734
14.5	-0.6339	51.3005	0.1731
14.5833	-0.6318	51.5438	0.1729
14.6667	-0.6296	51.7779	0.1727
14.75	-0.6272	52.0033	0.1724
14.8333	-0.6247	52.2202	0.1722
14.9167	-0.622	52.4291	0.172
15	-0.6193	52.6306	0.1717
15.0833	-0.6164	52.8255	0.1715
15.1667	-0.6134	53.0141	0.1713
15.25	-0.6102	53.1962	0.1711
15.3333	-0.607	53.3717	0.1709
15.4167	-0.6037	53.5405	0.1707
15.5	-0.6002	53.7028	0.1705
15.5833	-0.5966	53.8587	0.1703
15.6667	-0.5929	54.0085	0.1701
15.75	-0.5891	54.1526	0.1699
15.8333	-0.5852	54.2914	0.1697
15.9167	-0.5811	54.4252	0.1695
16	-0.5769	54.5543	0.1693
16.0833	-0.5727	54.679	0.1691
16.1667	-0.5683	54.799	0.169
16.25	-0.5637	54.9144	0.1688
16.3333	-0.5591	55.0254	0.1686
16.4167	-0.5544	55.1318	0.1685
16.5	-0.5496	55.2335	0.1683
16.5833	-0.5448	55.3304	0.1682
16.6667	-0.5398	55.4224	0.168
16.75	-0.5347	55.5099	0.1678
16.8333	-0.5296	55.593	0.1677
16.9167	-0.5244	55.672	0.1675
17	-0.5192	55.7469	0.1674
17.0833	-0.514	55.8182	0.1672
17.1667	-0.5088	55.8862	0.1671
17.25	-0.5037	55.9515	0.167
17.3333	-0.4986	56.0144	0.1668
17.4167	-0.4936	56.0755	0.1667
17.5	-0.4887	56.135	0.1665
17.5833	-0.4839	56.1932	0.1664
17.6667	-0.4792	56.2502	0.1663
17.75	-0.4745	56.3058	0.1662
17.8333	-0.47	56.3603	0.166
17.9167	-0.4656	56.4139	0.1659
18	-0.4612	56.4669	0.1658
18.0833	-0.4569	56.5193	0.1657
18.1667	-0.4527	56.5711	0.1656
18.25	-0.4485	56.6226	0.1654
18.3333	-0.4443	56.6742	0.1653
18.4167	-0.4402	56.7266	0.1652
18.5	-0.4361	56.7799	0.1651
18.5833	-0.4321	56.8344	0.165
18.6667	-0.428	56.8898	0.1649
18.75	-0.424	56.9461	0.1648
18.8333	-0.42	57.0031	0.1647
18.9167	-0.416	57.0606	0.1646
19	-0.412	57.1185	0.1645
19.0833	-0.408	57.1765	0.1644
