name = who
year = 2006
yname = bmi
sex = male
distribution = LMS
citation = WHO
publication = WHO Multicentre Growth Reference Study Group (2006). WHO Child Growth Standards: Length/height-for-age, weight-for-age, weight-for-length, weight-for-height and body mass index-for-age: Methods and development. Geneva: World Health Organization; pp 312. (web site: http://www.who.int/childgrowth/publications/en/)
[data]
x	L	M	S
0	-0.3053	13.4069	0.0956
0.0027	-0.1867	13.3976	0.09597
0.0055	-0.0681	13.3883	0.09634
0.0082	0.0505	13.3791	0.09672
0.011	0.169	13.3698	0.09709
0.0137	0.2876	13.3606	0.09746
0.0164	0.4062	13.3513	0.09784
0.0192	0.5247	13.3421	0.09821
0.0219	0.5094	13.3843	0.09769
0.0246	0.4941	13.4265	0.09716
0.0274	0.4789	13.4687	0.09664
0.0301	0.4636	13.511	0.09611
0.0329	0.4483	13.5532	0.09559
0.0356	0.433	13.5954	0.09507
0.0383	0.4177	13.6377	0.09454
0.0411	0.4059	13.7174	0.09416
0.0438	0.3946	13.8006	0.0938
0.0465	0.3839	13.8854	0.09347
0.0493	0.3735	13.9707	0.09315
0.052	0.3636	14.0558	0.09285
0.0548	0.3541	14.1404	0.09257
0.0575	0.3449	14.2241	0.0923
0.0602	0.336	14.3065	0.09204
0.063	0.3274	14.3877	0.0918
0.0657	0.3191	14.4675	0.09156
0.0684	0.311	14.5457	0.09134
0.0712	0.3032	14.6225	0.09112
0.0739	0.2955	14.6977	0.09092
0.0767	0.2881	14.7714	0.09072
0.0794	0.2809	14.8436	0.09053
0.0821	0.2738	14.914	0.09035
0.0849	0.2669	14.9822	0.09017
0.0876	0.2602	15.0485	0.09
0.0903	0.2536	15.1127	0.08984
0.0931	0.2472	15.175	0.08968
0.0958	0.2409	15.2355	0.08953
0.0986	0.2348	15.2942	0.08938
0.1013	0.2287	15.3511	0.08924
0.104	0.2228	15.4062	0.0891
0.1068	0.217	15.4597	0.08897
0.1095	0.2113	15.5115	0.08884
0.1123	0.2058	15.5618	0.08871
0.115	0.2003	15.6107	0.08859
0.1177	0.1949	15.6582	0.08847
0.1205	0.1896	15.7043	0.08835
0.1232	0.1844	15.7492	0.08824
0.1259	0.1793	15.7929	0.08813
0.1287	0.1743	15.8353	0.08802
0.1314	0.1693	15.8767	0.08792
0.1342	0.1645	15.9169	0.08782
0.1369	0.1597	15.956	0.08772
0.1396	0.155	15.9941	0.08762
0.1424	0.1503	16.0311	0.08753
0.1451	0.1457	16.0672	0.08743
0.1478	0.1412	16.1023	0.08734
0.1506	0.1368	16.1365	0.08725
0.1533	0.1324	16.1698	0.08717
0.1561	0.128	16.2021	0.08708
0.1588	0.1238	16.2336	0.087
0.1615	0.1196	16.2642	0.08692
0.1643	0.1154	16.2941	0.08684
0.167	0.1113	16.3231	0.08676
0.1697	0.1072	16.3513	0.08669
0.1725	0.1032	16.3787	0.08661
0.1752	0.0993	16.4053	0.08654
0.178	0.0954	16.4312	0.08646
0.1807	0.0915	16.4562	0.08639
0.1834	0.0877	16.4806	0.08632
0.1862	0.084	16.5042	0.08626
0.1889	0.0803	16.5271	0.08619
0.1916	0.0766	16.5494	0.08612
0.1944	0.0729	16.571	0.08606
0.1971	0.0693	16.592	0.08599
0.1999	0.0658	16.6124	0.08593
0.2026	0.0623	16.6321	0.08587
0.2053	0.0588	16.6514	0.08581
0.2081	0.0554	16.67	0.08575
0.2108	0.052	16.6882	0.08569
0.2136	0.0486	16.7058	0.08564
0.2163	0.0452	16.7229	0.08558
0.219	0.0419	16.7396	0.08552
0.2218	0.0387	16.7557	0.08547
0.2245	0.0354	16.7715	0.08541
0.2272	0.0322	16.7867	0.08536
0.23	0.0291	16.8016	0.08531
0.2327	0.0259	16.8161	0.08526
0.2355	0.0228	16.8301	0.08521
0.2382	0.0197	16.8438	0.08516
0.2409	0.0167	16.8571	0.08511
0.2437	0.0137	16.8701	0.08506
0.2464	0.0107	16.8827	0.08501
0.2491	0.0077	16.895	0.08496
0.2519	0.0048	16.9069	0.08492
0.2546	0.0018	16.9186	0.08487
0.2574	-0.0011	16.9299	0.08483
0.2601	-0.0039	16.941	0.08478
0.2628	-0.0068	16.9518	0.08474
0.2656	-0.0096	16.9623	0.0847
0.2683	-0.0124	16.9725	0.08465
0.271	-0.0151	16.9825	0.08461
0.2738	-0.0179	16.9923	0.08457
0.2765	-0.0206	17.0018	0.08453
0.2793	-0.0233	17.0111	0.08449
0.282	-0.026	17.0201	0.08445
0.2847	-0.0287	17.029	0.08441
0.2875	-0.0313	17.0376	0.08437
0.2902	-0.0339	17.0461	0.08433
0.293	-0.0365	17.0544	0.08429
0.2957	-0.0391	17.0624	0.08426
0.2984	-0.0416	17.0704	0.08422
0.3012	-0.0442	17.0781	0.08418
0.3039	-0.0467	17.0857	0.08415
0.3066	-0.0492	17.0931	0.08411
0.3094	-0.0517	17.1003	0.08408
0.3121	-0.0541	17.1074	0.08404
0.3149	-0.0566	17.1144	0.08401
0.3176	-0.059	17.1212	0.08397
0.3203	-0.0614	17.1279	0.08394
0.3231	-0.0638	17.1344	0.08391
0.3258	-0.0662	17.1409	0.08387
0.3285	-0.0686	17.1472	0.08384
0.3313	-0.0709	17.1533	0.08381
0.334	-0.0732	17.1594	0.08378
0.3368	-0.0756	17.1653	0.08375
0.3395	-0.0779	17.1712	0.08371
0.3422	-0.0801	17.1769	0.08368
0.345	-0.0824	17.1825	0.08365
0.3477	-0.0847	17.188	0.08362
0.3504	-0.0869	17.1934	0.08359
0.3532	-0.0891	17.1987	0.08356
0.3559	-0.0913	17.2038	0.08354
0.3587	-0.0935	17.2089	0.08351
0.3614	-0.0957	17.2138	0.08348
0.3641	-0.0979	17.2187	0.08345
0.3669	-0.1	17.2234	0.08342
0.3696	-0.1022	17.2281	0.0834
0.3723	-0.1043	17.2326	0.08337
0.3751	-0.1064	17.237	0.08334
0.3778	-0.1085	17.2414	0.08332
0.3806	-0.1106	17.2456	0.08329
0.3833	-0.1127	17.2497	0.08326
0.386	-0.1147	17.2537	0.08324
0.3888	-0.1168	17.2576	0.08321
0.3915	-0.1188	17.2615	0.08319
0.3943	-0.1208	17.2652	0.08316
0.397	-0.1229	17.2688	0.08314
0.3997	-0.1249	17.2723	0.08311
0.4025	-0.1269	17.2757	0.08309
0.4052	-0.1288	17.2791	0.08306
0.4079	-0.1308	17.2823	0.08304
0.4107	-0.1328	17.2854	0.08302
0.4134	-0.1347	17.2885	0.08299
0.4162	-0.1366	17.2914	0.08297
0.4189	-0.1386	17.2943	0.08295
0.4216	-0.1405	17.297	0.08292
0.4244	-0.1424	17.2997	0.0829
0.4271	-0.1443	17.3023	0.08288
0.4298	-0.1462	17.3048	0.08285
0.4326	-0.148	17.3072	0.08283
0.4353	-0.1499	17.3095	0.08281
0.4381	-0.1518	17.3117	0.08279
0.4408	-0.1536	17.3139	0.08277
0.4435	-0.1554	17.316	0.08275
0.4463	-0.1573	17.318	0.08272
0.449	-0.1591	17.3199	0.0827
0.4517	-0.1609	17.3218	0.08268
0.4545	-0.1627	17.3235	0.08266
0.4572	-0.1645	17.3252	0.08264
0.46	-0.1663	17.3268	0.08262
0.4627	-0.168	17.3284	0.0826
0.4654	-0.1698	17.3299	0.08258
0.4682	-0.1715	17.3313	0.08256
0.4709	-0.1733	17.3326	0.08254
0.4736	-0.175	17.3338	0.08252
0.4764	-0.1768	17.335	0.0825
0.4791	-0.1785	17.3361	0.08248
0.4819	-0.1802	17.3371	0.08246
0.4846	-0.1819	17.3381	0.08244
0.4873	-0.1836	17.339	0.08242
0.4901	-0.1853	17.3398	0.08241
0.4928	-0.187	17.3406	0.08239
0.4956	-0.1886	17.3412	0.08237
0.4983	-0.1903	17.3419	0.08235
0.501	-0.1919	17.3424	0.08233
0.5038	-0.1936	17.3429	0.08231
0.5065	-0.1952	17.3433	0.0823
0.5092	-0.1969	17.3437	0.08228
0.512	-0.1985	17.3439	0.08226
0.5147	-0.2001	17.3441	0.08224
0.5175	-0.2017	17.3443	0.08222
0.5202	-0.2033	17.3444	0.08221
0.5229	-0.2049	17.3444	0.08219
0.5257	-0.2065	17.3443	0.082170000000000007
0.5284	-0.2081	17.3442	0.08216
0.5311	-0.2097	17.344	0.08214
0.5339	-0.2112	17.3438	0.08212
0.5366	-0.2128	17.3434	0.0821
0.5394	-0.2144	17.3431	0.08209
0.5421	-0.2159	17.3426	0.08207
0.5448	-0.2174	17.3421	0.08205
0.5476	-0.219	17.3416	0.08204
0.5503	-0.2205	17.3409	0.08202
0.553	-0.222	17.3402	0.08201
0.5558	-0.2235	17.3395	0.08199
0.5585	-0.2251	17.3387	0.08197
0.5613	-0.2266	17.3378	0.08196
0.564	-0.2281	17.3369	0.08194
0.5667	-0.2295	17.3359	0.08193
0.5695	-0.231	17.3349	0.08191
0.5722	-0.2325	17.3338	0.08189
0.5749	-0.234	17.3326	0.08188
0.5777	-0.2354	17.3314	0.08186
0.5804	-0.2369	17.3302	0.08185
0.5832	-0.2384	17.3289	0.08183
0.5859	-0.2398	17.3275	0.08182
0.5886	-0.2413	17.3261	0.0818
0.5914	-0.2427	17.3246	0.08179
0.5941	-0.2441	17.323	0.08177
0.5969	-0.2456	17.3215	0.08176
0.5996	-0.247	17.3198	0.08174
0.6023	-0.2484	17.3181	0.08173
0.6051	-0.2498	17.3164	0.08171
0.6078	-0.2512	17.3146	0.0817
0.6105	-0.2526	17.3127	0.08168
0.6133	-0.254	17.3108	0.08167
0.616	-0.2554	17.3089	0.08165
0.6188	-0.2568	17.3069	0.08164
0.6215	-0.2581	17.3048	0.08163
0.6242	-0.2595	17.3027	0.08161
0.627	-0.2609	17.3006	0.0816
0.6297	-0.2622	17.2984	0.08158
0.6324	-0.2636	17.2962	0.08157
0.6352	-0.265	17.2939	0.08155
0.6379	-0.2663	17.2916	0.08154
0.6407	-0.2676	17.2892	0.08153
0.6434	-0.269	17.2868	0.08151
0.6461	-0.2703	17.2844	0.0815
0.6489	-0.2716	17.2819	0.08149
0.6516	-0.273	17.2794	0.08147
0.6543	-0.2743	17.2768	0.08146
0.6571	-0.2756	17.2742	0.08145
0.6598	-0.2769	17.2715	0.08143
0.6626	-0.2782	17.2688	0.08142
0.6653	-0.2795	17.2661	0.08141
0.668	-0.2808	17.2633	0.08139
0.6708	-0.2821	17.2605	0.08138
0.6735	-0.2834	17.2577	0.08137
0.6762	-0.2847	17.2548	0.08135
0.679	-0.2859	17.2519	0.08134
0.6817	-0.2872	17.249	0.08133
0.6845	-0.2885	17.246	0.08131
0.6872	-0.2898	17.243	0.0813
0.6899	-0.291	17.2399	0.08129
0.6927	-0.2923	17.2368	0.08128
0.6954	-0.2935	17.2337	0.08126
0.6982	-0.2948	17.2306	0.08125
0.7009	-0.296	17.2274	0.08124
0.7036	-0.2972	17.2242	0.08122
0.7064	-0.2985	17.221	0.08121
0.7091	-0.2997	17.2177	0.0812
0.7118	-0.3009	17.2144	0.08119
0.7146	-0.3022	17.2111	0.08117
0.7173	-0.3034	17.2078	0.08116
0.7201	-0.3046	17.2044	0.08115
0.7228	-0.3058	17.2011	0.08114
0.7255	-0.307	17.1976	0.08113
0.7283	-0.3082	17.1942	0.08111
0.731	-0.3094	17.1908	0.0811
0.7337	-0.3106	17.1873	0.08109
0.7365	-0.3118	17.1838	0.08108
0.7392	-0.313	17.1803	0.08107
0.742	-0.3142	17.1767	0.08105
0.7447	-0.3153	17.1731	0.08104
0.7474	-0.3165	17.1696	0.08103
0.7502	-0.3177	17.1659	0.08102
0.7529	-0.3189	17.1623	0.08101
0.7556	-0.32	17.1587	0.08099
0.7584	-0.3212	17.155	0.08098
0.7611	-0.3223	17.1513	0.08097
0.7639	-0.3235	17.1476	0.08096
0.7666	-0.3246	17.1439	0.08095
0.7693	-0.3258	17.1402	0.08094
0.7721	-0.3269	17.1364	0.08093
0.7748	-0.3281	17.1326	0.08091
0.7775	-0.3292	17.1288	0.0809
0.7803	-0.3303	17.125	0.08089
0.783	-0.3315	17.1212	0.08088
0.7858	-0.3326	17.1174	0.08087
0.7885	-0.3337	17.1135	0.08086
0.7912	-0.3348	17.1097	0.08085
0.794	-0.3359	17.1058	0.08084
0.7967	-0.3371	17.1019	0.08082
0.7995	-0.3382	17.098	0.08081
0.8022	-0.3393	17.0941	0.0808
0.8049	-0.3404	17.0901	0.08079
0.8077	-0.3415	17.0862	0.08078
0.8104	-0.3426	17.0823	0.08077
0.8131	-0.3437	17.0783	0.08076
0.8159	-0.3448	17.0743	0.08075
0.8186	-0.3458	17.0703	0.08074
0.8214	-0.3469	17.0663	0.08073
0.8241	-0.348	17.0623	0.08071
0.8268	-0.3491	17.0583	0.0807
0.8296	-0.3502	17.0543	0.08069
0.8323	-0.3512	17.0503	0.08068
0.835	-0.3523	17.0463	0.08067
0.8378	-0.3534	17.0422	0.08066
0.8405	-0.3544	17.0382	0.08065
0.8433	-0.3555	17.0341	0.08064
0.846	-0.3565	17.0301	0.08063
0.8487	-0.3576	17.026	0.08062
0.8515	-0.3586	17.0219	0.08061
0.8542	-0.3597	17.0178	0.0806
0.8569	-0.3607	17.0138	0.08059
0.8597	-0.3618	17.0097	0.08058
0.86240000000000006	-0.3628	17.0056	0.08057
0.8652	-0.3638	17.0015	0.08056
0.8679	-0.3649	16.9974	0.08055
0.8706	-0.3659	16.9933	0.08054
0.8734	-0.3669	16.9892	0.08053
0.8761	-0.3679	16.985	0.08052
0.8789	-0.369	16.9809	0.08051
0.8816	-0.37	16.9768	0.0805
0.8843	-0.371	16.9727	0.08049
0.8871	-0.372	16.9686	0.08048
0.8898	-0.373	16.9644	0.08047
0.8925	-0.374	16.9603	0.08046
0.8953	-0.375	16.9562	0.08045
0.898	-0.376	16.9521	0.08044
0.9008	-0.377	16.9479	0.08043
0.9035	-0.378	16.9438	0.08042
0.9062	-0.379	16.9397	0.08041
0.909	-0.38	16.9355	0.0804
0.9117	-0.381	16.9314	0.08039
0.9144	-0.382	16.9273	0.08038
0.9172	-0.383	16.9231	0.08037
0.9199	-0.3839	16.919	0.08036
0.9227	-0.3849	16.9148	0.08035
0.9254	-0.3859	16.9107	0.08034
0.9281	-0.3869	16.9066	0.08033
0.9309	-0.3878	16.9024	0.08032
0.9336	-0.3888	16.8983	0.08031
0.9363	-0.3898	16.8942	0.0803
0.9391	-0.3907	16.89	0.08029
0.9418	-0.3917	16.8859	0.08028
0.9446	-0.3926	16.8817	0.08027
0.9473	-0.3936	16.8776	0.08026
0.95	-0.3945	16.8735	0.08025
0.9528	-0.3955	16.8693	0.08024
0.9555	-0.3964	16.8652	0.08023
0.9582	-0.3974	16.861	0.08022
0.961	-0.3983	16.8569	0.08022
0.9637	-0.3993	16.8528	0.08021
0.9665	-0.4002	16.8486	0.0802
0.9692	-0.4011	16.8445	0.08019
0.9719	-0.4021	16.8404	0.08018
0.9747	-0.403	16.8363	0.08017
0.9774	-0.4039	16.8321	0.08016
0.9802	-0.4049	16.828	0.08015
0.9829	-0.4058	16.8239	0.08014
0.9856	-0.4067	16.8198	0.08013
0.9884	-0.4076	16.8156	0.08012
0.9911	-0.4085	16.8115	0.08011
0.9938	-0.4095	16.8074	0.08011
0.9966	-0.4104	16.8033	0.0801
0.9993	-0.4113	16.7992	0.08009
1.0021	-0.4122	16.7951	0.08008
1.0048	-0.4131	16.7909	0.08007
1.0075	-0.414	16.7868	0.08006
1.0103	-0.4149	16.7827	0.08005
1.013	-0.4158	16.7786	0.08004
1.0157	-0.4167	16.7745	0.08003
1.0185	-0.4176	16.7704	0.08003
1.0212	-0.4185	16.7663	0.08002
1.024	-0.4194	16.7622	0.08001
1.0267	-0.4203	16.7582	0.08
1.0294	-0.4211	16.7541	0.07999
1.0322	-0.422	16.75	0.07998
1.0349	-0.4229	16.7459	0.07997
1.0376	-0.4238	16.7418	0.07996
1.0404	-0.4247	16.7377	0.07996
1.0431	-0.4255	16.7337	0.07995
1.0459	-0.4264	16.7296	0.07994
1.0486	-0.4273	16.7255	0.07993
1.0513	-0.4282	16.7215	0.07992
1.0541	-0.429	16.7174	0.07991
1.0568	-0.4299	16.7134	0.0799
1.0595	-0.4308	16.7093	0.0799
1.0623	-0.4316	16.7053	0.07989
1.065	-0.4325	16.7012	0.07988
1.0678	-0.4333	16.6972	0.07987
1.0705	-0.4342	16.6932	0.07986
1.0732	-0.435	16.6891	0.07985
1.076	-0.4359	16.6851	0.07984
1.0787	-0.4367	16.6811	0.07984
1.0815	-0.4376	16.6771	0.07983
1.0842	-0.4384	16.6731	0.07982
1.0869	-0.4393	16.6691	0.07981
1.0897	-0.4401	16.6651	0.0798
1.0924	-0.441	16.6611	0.0798
1.0951	-0.4418	16.6571	0.07979
1.0979	-0.4426	16.6531	0.07978
1.1006	-0.4435	16.6491	0.07977
1.1034	-0.4443	16.6451	0.07976
1.1061	-0.4451	16.6412	0.07975
1.1088	-0.446	16.6372	0.07975
1.1116	-0.4468	16.6332	0.07974
1.1143	-0.4476	16.6293	0.07973
1.117	-0.4484	16.6253	0.07972
1.1198	-0.4493	16.6214	0.07971
1.1225	-0.4501	16.6175	0.07971
1.1253	-0.4509	16.6135	0.0797
1.128	-0.4517	16.6096	0.07969
1.1307	-0.4525	16.6057	0.07968
1.1335	-0.4533	16.6018	0.07967
1.1362	-0.4541	16.5979	0.07966
1.1389	-0.455	16.594	0.07966
1.1417	-0.4558	16.5901	0.07965
1.1444	-0.4566	16.5862	0.07964
1.1472	-0.4574	16.5823	0.07963
1.1499	-0.4582	16.5784	0.07963
1.1526	-0.459	16.5745	0.07962
1.1554	-0.4598	16.5707	0.07961
1.1581	-0.4606	16.5668	0.0796
1.1608	-0.4614	16.5629	0.07959
1.1636	-0.4621	16.5591	0.07959
1.1663	-0.4629	16.5553	0.07958
1.1691	-0.4637	16.5514	0.07957
1.1718	-0.4645	16.5476	0.07956
1.1745	-0.4653	16.5438	0.07955
1.1773	-0.4661	16.5399	0.07955
1.18	-0.4669	16.5361	0.07954
1.1828	-0.4677	16.5323	0.07953
1.1855	-0.4684	16.5285	0.07952
1.1882	-0.4692	16.5247	0.07952
1.191	-0.47	16.5209	0.07951
1.1937	-0.4708	16.5172	0.0795
1.1964	-0.4715	16.5134	0.07949
1.1992	-0.4723	16.5096	0.07949
1.2019	-0.4731	16.5059	0.07948
1.2047	-0.4738	16.5021	0.07947
1.2074	-0.4746	16.4984	0.07946
1.2101	-0.4754	16.4946	0.07946
1.2129	-0.4761	16.4909	0.07945
1.2156	-0.4769	16.4871	0.07944
1.2183	-0.4777	16.4834	0.07943
1.2211	-0.4784	16.4797	0.07943
1.2238	-0.4792	16.476	0.07942
1.2266	-0.4799	16.4723	0.07941
1.2293	-0.4807	16.4686	0.0794
1.232	-0.4814	16.4649	0.0794
1.2348	-0.4822	16.4612	0.07939
1.2375	-0.4829	16.4576	0.07938
1.2402	-0.4837	16.4539	0.07937
1.243	-0.4844	16.4502	0.07937
1.2457	-0.4852	16.4466	0.07936
1.2485	-0.4859	16.4429	0.07935
1.2512	-0.4867	16.4393	0.07934
1.2539	-0.4874	16.4357	0.07934
1.2567	-0.4881	16.432	0.07933
1.2594	-0.4889	16.4284	0.07932
1.2621	-0.4896	16.4248	0.07931
1.2649	-0.4903	16.4212	0.07931
1.2676	-0.4911	16.4176	0.0793
1.2704	-0.4918	16.414	0.07929
1.2731	-0.4925	16.4104	0.07929
1.2758	-0.4933	16.4069	0.07928
1.2786	-0.494	16.4033	0.07927
1.2813	-0.4947	16.3997	0.07926
1.2841	-0.4954	16.3962	0.07926
1.2868	-0.4962	16.3926	0.07925
1.2895	-0.4969	16.3891	0.07924
1.2923	-0.4976	16.3856	0.07924
1.295	-0.4983	16.3821	0.07923
1.2977	-0.499	16.3785	0.07922
1.3005	-0.4997	16.375	0.07921
1.3032	-0.5005	16.3715	0.07921
1.306	-0.5012	16.368	0.0792
1.3087	-0.5019	16.3646	0.07919
1.3114	-0.5026	16.3611	0.07919
1.3142	-0.5033	16.3576	0.07918
1.3169	-0.504	16.3541	0.07917
1.3196	-0.5047	16.3507	0.07916
1.3224	-0.5054	16.3472	0.07916
1.3251	-0.5061	16.3438	0.07915
1.3279	-0.5068	16.3404	0.07914
1.3306	-0.5075	16.3369	0.07914
1.3333	-0.5082	16.3335	0.07913
1.3361	-0.5089	16.3301	0.07912
1.3388	-0.5096	16.3267	0.07912
1.3415	-0.5103	16.3233	0.07911
1.3443	-0.511	16.3199	0.0791
1.347	-0.5117	16.3165	0.07909
1.3498000000000001	-0.5124	16.3131	0.07909
1.3525	-0.5131	16.3098	0.07908
1.3552	-0.5138	16.3064	0.07907
1.358	-0.5144	16.3031	0.07907
1.3607	-0.5151	16.2997	0.07906
1.3634	-0.5158	16.2964	0.07905
1.3662	-0.5165	16.293	0.07905
1.3689	-0.5172	16.2897	0.07904
1.3717	-0.5179	16.2864	0.07903
1.3744	-0.5185	16.2831	0.07903
1.3771	-0.5192	16.2798	0.07902
1.3799	-0.5199	16.2765	0.07901
1.3826	-0.5206	16.2732	0.07901
1.3854	-0.5212	16.2699	0.079
1.3881	-0.5219	16.2666	0.07899
1.3908	-0.5226	16.2634	0.07899
1.3936	-0.5233	16.2601	0.07898
1.3963	-0.5239	16.2568	0.07897
1.399	-0.5246	16.2536	0.07897
1.4018	-0.5253	16.2504	0.07896
1.4045	-0.5259	16.2471	0.07895
1.4073	-0.5266	16.2439	0.07895
1.41	-0.5273	16.2407	0.07894
1.4127	-0.5279	16.2375	0.07893
1.4155	-0.5286	16.2343	0.07893
1.4182	-0.5292	16.2311	0.07892
1.4209	-0.5299	16.2279	0.07891
1.4237	-0.5306	16.2247	0.07891
1.4264	-0.5312	16.2215	0.0789
1.4292	-0.5319	16.2184	0.07889
1.4319	-0.5325	16.2152	0.07889
1.4346	-0.5332	16.2121	0.07888
1.4374	-0.5338	16.2089	0.07887
1.4401	-0.5345	16.2058	0.07887
1.4428	-0.5351	16.2027	0.07886
1.4456	-0.5358	16.1996	0.07885
1.4483	-0.5364	16.1964	0.07885
1.4511	-0.5371	16.1933	0.07884
1.4538	-0.5377	16.1902	0.07883
1.4565	-0.5383	16.1872	0.07883
1.4593	-0.539	16.1841	0.07882
1.462	-0.5396	16.181	0.07881
1.4648	-0.5403	16.1779	0.07881
1.4675	-0.5409	16.1749	0.0788
1.4702	-0.5415	16.1718	0.0788
1.473	-0.5422	16.1688	0.07879
1.4757	-0.5428	16.1658	0.07878
1.4784	-0.5434	16.1627	0.07878
1.4812	-0.5441	16.1597	0.07877
1.4839	-0.5447	16.1567	0.07876
1.4867	-0.5453	16.1537	0.07876
1.4894	-0.546	16.1507	0.07875
1.4921	-0.5466	16.1477	0.07874
1.4949	-0.5472	16.1447	0.07874
1.4976	-0.5479	16.1418	0.07873
1.5003	-0.5485	16.1388	0.07873
1.5031	-0.5491	16.1359	0.07872
1.5058	-0.5497	16.1329	0.07871
1.5086	-0.5503	16.13	0.07871
1.5113	-0.551	16.127	0.0787
1.514	-0.5516	16.1241	0.07869
1.5168	-0.5522	16.1212	0.07869
1.5195	-0.5528	16.1183	0.07868
1.5222	-0.5534	16.1154	0.07867
1.525	-0.5541	16.1125	0.07867
1.5277	-0.5547	16.1096	0.07866
1.5305	-0.5553	16.1067	0.07866
1.5332	-0.5559	16.1039	0.07865
1.5359	-0.5565	16.101	0.07864
1.5387	-0.5571	16.0981	0.07864
1.5414	-0.5577	16.0953	0.07863
1.5441	-0.5583	16.0925	0.07863
1.5469	-0.5589	16.0896	0.07862
1.5496	-0.5595	16.0868	0.07861
1.5524	-0.5602	16.084	0.07861
1.5551	-0.5608	16.0812	0.0786
1.5578	-0.5614	16.0784	0.07859
1.5606	-0.562	16.0756	0.07859
1.5633	-0.5626	16.0728	0.07858
1.5661	-0.5632	16.0701	0.07858
1.5688	-0.5638	16.0673	0.07857
1.5715	-0.5644	16.0646	0.07856
1.5743	-0.565	16.0618	0.07856
1.577	-0.5656	16.0591	0.07855
1.5797	-0.5662	16.0564	0.07855
1.5825	-0.5667	16.0536	0.07854
1.5852	-0.5673	16.0509	0.07853
1.588	-0.5679	16.0482	0.07853
1.5907	-0.5685	16.0455	0.07852
1.5934	-0.5691	16.0429	0.07852
1.5962	-0.5697	16.0402	0.07851
1.5989	-0.5703	16.0375	0.0785
1.6016	-0.5709	16.0349	0.0785
1.6044	-0.5715	16.0322	0.07849
1.6071	-0.5721	16.0296	0.07849
1.6099	-0.5726	16.0269	0.07848
1.6126	-0.5732	16.0243	0.07847
1.6153	-0.5738	16.0217	0.07847
1.6181	-0.5744	16.0191	0.07846
1.6208	-0.575	16.0165	0.07846
1.6235	-0.5755	16.0139	0.07845
1.6263	-0.5761	16.0113	0.07844
1.629	-0.5767	16.0088	0.07844
1.6318	-0.5773	16.0062	0.07843
1.6345	-0.5779	16.0036	0.07843
1.6372	-0.5784	16.0011	0.07842
1.64	-0.579	15.9986	0.07841
1.6427	-0.5796	15.996	0.07841
1.6454	-0.5802	15.9935	0.0784
1.6482	-0.5807	15.991	0.0784
1.6509	-0.5813	15.9885	0.07839
1.6537	-0.5819	15.986	0.07838
1.6564	-0.5824	15.9835	0.07838
1.6591	-0.583	15.9811	0.07837
1.6619	-0.5836	15.9786	0.07837
1.6646	-0.5841	15.9761	0.07836
1.6674	-0.5847	15.9737	0.07836
1.6701	-0.5853	15.9713	0.07835
1.6728	-0.5858	15.9688	0.07834
1.6756	-0.5864	15.9664	0.07834
1.6783	-0.587	15.964	0.07833
1.681	-0.5875	15.9616	0.07833
1.6838	-0.5881	15.9592	0.07832
1.6865	-0.5886	15.9568	0.07832
1.6893	-0.5892	15.9544	0.07831
1.692	-0.5898	15.9521	0.0783
1.6947	-0.5903	15.9497	0.0783
1.6975	-0.5909	15.9473	0.07829
1.7002	-0.5914	15.945	0.07829
1.7029	-0.592	15.9427	0.07828
1.7057	-0.5925	15.9403	0.07827
1.7084	-0.5931	15.938	0.07827
1.7112	-0.5936	15.9357	0.07826
1.7139	-0.5942	15.9334	0.07826
1.7166	-0.5947	15.9311	0.07825
1.7194	-0.5953	15.9288	0.07825
1.7221	-0.5958	15.9266	0.07824
1.7248000000000001	-0.5964	15.9243	0.07824
1.7276	-0.5969	15.922	0.07823
1.7303	-0.5975	15.9198	0.07822
1.7331	-0.598	15.9176	0.07822
1.7358	-0.5986	15.9153	0.07821
1.7385	-0.5991	15.9131	0.07821
1.7413	-0.5996	15.9109	0.0782
1.744	-0.6002	15.9087	0.0782
1.7467	-0.6007	15.9065	0.07819
1.7495	-0.6013	15.9043	0.07818
1.7522	-0.6018	15.9021	0.07818
1.755	-0.6023	15.9	0.07817
1.7577	-0.6029	15.8978	0.07817
1.7604	-0.6034	15.8956	0.07816
1.7632	-0.604	15.8935	0.07816
1.7659	-0.6045	15.8913	0.07815
1.7687	-0.605	15.8892	0.07815
1.7714	-0.6056	15.8871	0.07814
1.7741	-0.6061	15.885	0.07813
1.7769	-0.6066	15.8829	0.07813
1.7796	-0.6072	15.8808	0.07812
1.7823	-0.6077	15.8787	0.07812
1.7851	-0.6082	15.8766	0.07811
1.7878	-0.6087	15.8745	0.07811
1.7906	-0.6093	15.8725	0.0781
1.7933	-0.6098	15.8704	0.0781
1.796	-0.6103	15.8684	0.07809
1.7988	-0.6109	15.8663	0.07809
1.8015	-0.6114	15.8643	0.07808
1.8042	-0.6119	15.8623	0.07807
1.807	-0.61240000000000006	15.8602	0.07807
1.8097	-0.613	15.8582	0.07806
1.8125	-0.6135	15.8562	0.07806
1.8152	-0.614	15.8542	0.07805
1.8179	-0.6145	15.8522	0.07805
1.8207	-0.615	15.8503	0.07804
1.8234	-0.6156	15.8483	0.07804
1.8261	-0.6161	15.8463	0.07803
1.8289	-0.6166	15.8444	0.07803
1.8316	-0.6171	15.8424	0.07802
1.8344	-0.6176	15.8405	0.07802
1.8371	-0.6181	15.8385	0.07801
1.8398	-0.6187	15.8366	0.078
1.8426	-0.6192	15.8347	0.078
1.8453	-0.6197	15.8328	0.07799
1.848	-0.6202	15.8309	0.07799
1.8508	-0.6207	15.829	0.07798
1.8535	-0.6212	15.8271	0.07798
1.8563	-0.6217	15.8252	0.07797
1.859	-0.6222	15.8233	0.07797
1.8617	-0.6227	15.8214	0.07796
1.8645	-0.6233	15.8196	0.07796
1.8672	-0.6238	15.8177	0.07795
1.87	-0.6243	15.8158	0.07795
1.8727	-0.6248	15.814	0.07794
1.8754	-0.6253	15.8122	0.07794
1.8782	-0.6258	15.8103	0.07793
1.8809	-0.6263	15.8085	0.07792
1.8836	-0.6268	15.8067	0.07792
1.8864	-0.6273	15.8049	0.07791
1.8891	-0.6278	15.8031	0.07791
1.8919	-0.6283	15.8013	0.0779
1.8946	-0.6288	15.7995	0.0779
1.8973	-0.6293	15.7977	0.07789
1.9001	-0.6298	15.7959	0.07789
1.9028	-0.6303	15.7941	0.07788
1.9055	-0.6308	15.7924	0.07788
1.9083	-0.6313	15.7906	0.07787
1.911	-0.6318	15.7888	0.07787
1.9138	-0.6323	15.7871	0.07786
1.9165	-0.6328	15.7853	0.07786
1.9192	-0.6333	15.7836	0.07785
1.922	-0.6338	15.7819	0.07785
1.9247	-0.6343	15.7802	0.07784
1.9274	-0.6348	15.7784	0.07784
1.9302	-0.6352	15.7767	0.07783
1.9329	-0.6357	15.775	0.07783
1.9357	-0.6362	15.7733	0.07782
1.9384	-0.6367	15.7716	0.07782
1.9411	-0.6372	15.7699	0.07781
1.9439	-0.6377	15.7682	0.07781
1.9466	-0.6382	15.7665	0.0778
1.9493	-0.6387	15.7649	0.0778
1.9521	-0.6392	15.7632	0.07779
1.9548	-0.6396	15.7615	0.07779
1.9576	-0.6401	15.7599	0.07778
1.9603	-0.6406	15.7582	0.07778
1.963	-0.6411	15.7566	0.07777
1.9658	-0.6416	15.7549	0.07777
1.9685	-0.6421	15.7533	0.07776
1.9713	-0.6425	15.7517	0.07776
1.974	-0.643	15.75	0.07775
1.9767	-0.6435	15.7484	0.07775
1.9795	-0.644	15.7468	0.07774
1.9822	-0.6445	15.7452	0.07774
1.9849	-0.6449	15.7436	0.07773
1.9877	-0.6454	15.742	0.07773
1.9904	-0.6459	15.7404	0.07772
1.9932	-0.6464	15.7388	0.07772
1.9959	-0.6469	15.7372	0.07771
1.9986	-0.6473	15.7356	0.07771
2.0014	-0.6187	16.0189	0.07785
2.0041	-0.6175	16.0176	0.07785
2.0068	-0.6164	16.0163	0.07785
2.0096	-0.6152	16.015	0.07785
2.0123	-0.614	16.0136	0.07786
2.0151	-0.6129	16.0123	0.07786
2.0178	-0.6117	16.011	0.07786
2.0205	-0.6105	16.0097	0.07786
2.0233	-0.6094	16.0084	0.07787
2.026	-0.6082	16.0071	0.07787
2.0287	-0.607	16.0058	0.07787
2.0315	-0.6059	16.0045	0.07787
2.0342	-0.6047	16.0032	0.07787
2.037	-0.6036	16.0019	0.07788
2.0397	-0.6024	16.0006	0.07788
2.0424	-0.6012	15.9993	0.07788
2.0452	-0.6001	15.998	0.07788
2.0479	-0.5989	15.9967	0.07789
2.0507	-0.5978	15.9954	0.07789
2.0534	-0.5966	15.9941	0.07789
2.0561	-0.5955	15.9928	0.07789
2.0589	-0.5943	15.9915	0.07789
2.0616	-0.5932	15.9902	0.0779
2.0643	-0.592	15.9889	0.0779
2.0671	-0.5909	15.9876	0.0779
2.0698	-0.5897	15.9863	0.0779
2.0726	-0.5886	15.985	0.07791
2.0753	-0.5874	15.9838	0.07791
2.078	-0.5863	15.9825	0.07791
2.0808	-0.5851	15.9812	0.07791
2.0835	-0.584	15.9799	0.07792
2.0862	-0.5828	15.9786	0.07792
2.089	-0.5817	15.9773	0.07792
2.0917	-0.5805	15.976	0.07792
2.0945	-0.5794	15.9748	0.07793
2.0972	-0.5783	15.9735	0.07793
2.0999	-0.5771	15.9722	0.07793
2.1027	-0.576	15.9709	0.07793
2.1054	-0.5748	15.9697	0.07794
2.1081	-0.5737	15.9684	0.07794
2.1109	-0.5726	15.9671	0.07794
2.1136	-0.5714	15.9658	0.07794
2.1164	-0.5703	15.9646	0.07795
2.1191	-0.5692	15.9633	0.07795
2.1218	-0.568	15.962	0.07795
2.1246	-0.5669	15.9607	0.07795
2.1273	-0.5658	15.9595	0.07796
2.13	-0.5647	15.9582	0.07796
2.1328	-0.5635	15.9569	0.07796
2.1355	-0.5624	15.9557	0.07796
2.1383	-0.5613	15.9544	0.07797
2.141	-0.5602	15.9532	0.07797
2.1437	-0.559	15.9519	0.07797
2.1465	-0.5579	15.9506	0.07798
2.1492	-0.5568	15.9494	0.07798
2.152	-0.5557	15.9481	0.07798
2.1547	-0.5546	15.9468	0.07798
2.1574	-0.5535	15.9456	0.07799
2.1602	-0.5523	15.9443	0.07799
2.1629	-0.5512	15.9431	0.07799
2.1656	-0.5501	15.9418	0.07799
2.1684	-0.549	15.9406	0.078
2.1711	-0.5479	15.9393	0.078
2.1739	-0.5468	15.9381	0.078
2.1766	-0.5457	15.9368	0.07801
2.1793	-0.5446	15.9356	0.07801
2.1821	-0.5435	15.9343	0.07801
2.1848	-0.5424	15.9331	0.07801
2.1875	-0.5413	15.9318	0.07802
2.1903	-0.5402	15.9306	0.07802
2.193	-0.5391	15.9293	0.07802
2.1958	-0.538	15.9281	0.07803
2.1985	-0.5369	15.9268	0.07803
2.2012	-0.5358	15.9256	0.07803
2.204	-0.5347	15.9244	0.07803
2.2067	-0.5336	15.9231	0.07804
2.2094	-0.5325	15.9219	0.07804
2.2122	-0.5315	15.9206	0.07804
2.2149	-0.5304	15.9194	0.07805
2.2177	-0.5293	15.9182	0.07805
2.2204	-0.5282	15.9169	0.07805
2.2231	-0.5271	15.9157	0.07805
2.2259	-0.526	15.9145	0.07806
2.2286	-0.525	15.9132	0.07806
2.2313	-0.5239	15.912	0.07806
2.2341	-0.5228	15.9108	0.07807
2.2368	-0.5217	15.9095	0.07807
2.2396	-0.5207	15.9083	0.07807
2.2423	-0.5196	15.9071	0.07808
2.245	-0.5185	15.9058	0.07808
2.2478	-0.5175	15.9046	0.07808
2.2505	-0.5164	15.9034	0.07809
2.2533	-0.5153	15.9022	0.07809
2.256	-0.5143	15.9009	0.07809
2.2587	-0.5132	15.8997	0.07809
2.2615	-0.5122	15.8985	0.0781
2.2642	-0.5111	15.8973	0.0781
2.2669	-0.5101	15.8961	0.0781
2.2697	-0.509	15.8948	0.07811
2.2724	-0.508	15.8936	0.07811
2.2752	-0.5069	15.8924	0.07811
2.2779	-0.5059	15.8912	0.07812
2.2806	-0.5048	15.89	0.07812
2.2834	-0.5038	15.8888	0.07812
2.2861	-0.5027	15.8875	0.07813
2.2888	-0.5017	15.8863	0.07813
2.2916	-0.5006	15.8851	0.07813
2.2943	-0.4996	15.8839	0.07814
2.2971	-0.4986	15.8827	0.07814
2.2998	-0.4975	15.8815	0.07814
2.3025	-0.4965	15.8803	0.07815
2.3053	-0.4955	15.8791	0.07815
2.308	-0.4944	15.8779	0.07815
2.3107	-0.4934	15.8767	0.07816
2.3135	-0.4924	15.8755	0.07816
2.3162	-0.4914	15.8742	0.07816
2.319	-0.4904	15.873	0.07817
2.3217	-0.4893	15.8718	0.07817
2.3244	-0.4883	15.8706	0.07817
2.3272	-0.4873	15.8694	0.07818
2.3299	-0.4863	15.8682	0.07818
2.3326	-0.4853	15.867	0.07818
2.3354	-0.4843	15.8658	0.07819
2.3381	-0.4833	15.8646	0.07819
2.3409	-0.4823	15.8634	0.07819
2.3436	-0.4813	15.8622	0.0782
2.3463	-0.4803	15.8611	0.0782
2.3491	-0.4793	15.8599	0.0782
2.3518	-0.4783	15.8587	0.07821
2.3546	-0.4773	15.8575	0.07821
2.3573	-0.4763	15.8563	0.07821
2.36	-0.4753	15.8551	0.07822
2.3628	-0.4743	15.8539	0.07822
2.3655	-0.4733	15.8527	0.07822
2.3682	-0.4723	15.8515	0.07823
2.371	-0.4713	15.8503	0.07823
2.3737	-0.4704	15.8491	0.07824
2.3765	-0.4694	15.848	0.07824
2.3792	-0.4684	15.8468	0.07824
2.3819	-0.4674	15.8456	0.07825
2.3847	-0.4665	15.8444	0.07825
2.3874	-0.4655	15.8432	0.07825
2.3901	-0.4645	15.842	0.07826
2.3929	-0.4636	15.8409	0.07826
2.3956	-0.4626	15.8397	0.07826
2.3984	-0.4616	15.8385	0.07827
2.4011	-0.4607	15.8373	0.07827
2.4038	-0.4597	15.8361	0.07828
2.4066	-0.4587	15.835	0.07828
2.4093	-0.4578	15.8338	0.07828
2.412	-0.4568	15.8326	0.07829
2.4148	-0.4559	15.8314	0.07829
2.4175	-0.4549	15.8303	0.07829
2.4203	-0.454	15.8291	0.0783
2.423	-0.4531	15.8279	0.0783
2.4257	-0.4521	15.8267	0.07831
2.4285	-0.4512	15.8256	0.07831
2.4312	-0.4502	15.8244	0.07831
2.4339	-0.4493	15.8232	0.07832
2.4367	-0.4484	15.8221	0.07832
2.4394	-0.4474	15.8209	0.07832
2.4422	-0.4465	15.8197	0.07833
2.4449	-0.4456	15.8186	0.07833
2.4476	-0.4446	15.8174	0.07834
2.4504	-0.4437	15.8162	0.07834
2.4531	-0.4428	15.8151	0.07834
2.4559	-0.4419	15.8139	0.07835
2.4586	-0.441	15.8127	0.07835
2.4613	-0.4401	15.8116	0.07835
2.4641	-0.4391	15.8104	0.07836
2.4668	-0.4382	15.8093	0.07836
2.4695	-0.4373	15.8081	0.07837
2.4723	-0.4364	15.8069	0.07837
2.475	-0.4355	15.8058	0.07837
2.4778	-0.4346	15.8046	0.07838
2.4805	-0.4337	15.8035	0.07838
2.4832	-0.4328	15.8023	0.07839
2.486	-0.4319	15.8012	0.07839
2.4887	-0.431	15.8	0.07839
2.4914	-0.4301	15.7989	0.0784
2.4942	-0.4293	15.7977	0.0784
2.4969	-0.4284	15.7966	0.07841
2.4997	-0.4275	15.7954	0.07841
2.5024	-0.4266	15.7943	0.07841
2.5051	-0.4257	15.7931	0.07842
2.5079	-0.4249	15.792	0.07842
2.5106	-0.424	15.7908	0.07843
2.5133	-0.4231	15.7897	0.07843
2.5161	-0.4222	15.7885	0.07843
2.5188	-0.4214	15.7874	0.07844
2.5216	-0.4205	15.7862	0.07844
2.5243	-0.4196	15.7851	0.07845
2.527	-0.4188	15.7839	0.07845
2.5298	-0.4179	15.7828	0.07845
2.5325	-0.4171	15.7817	0.07846
2.5352	-0.4162	15.7805	0.07846
2.538	-0.4154	15.7794	0.07847
2.5407	-0.4145	15.7782	0.07847
2.5435	-0.4137	15.7771	0.07848
2.5462	-0.4128	15.776	0.07848
2.5489	-0.412	15.7748	0.07848
2.5517	-0.4111	15.7737	0.07849
2.5544	-0.4103	15.7726	0.07849
2.5572	-0.4095	15.7714	0.0785
2.5599	-0.4086	15.7703	0.0785
2.5626	-0.4078	15.7692	0.0785
2.5654	-0.407	15.768	0.07851
2.5681	-0.4062	15.7669	0.07851
2.5708	-0.4053	15.7658	0.07852
2.5736	-0.4045	15.7646	0.07852
2.5763	-0.4037	15.7635	0.07853
2.5791	-0.4029	15.7624	0.07853
2.5818	-0.4021	15.7612	0.07853
2.5845	-0.4013	15.7601	0.07854
2.5873	-0.4005	15.759	0.07854
2.59	-0.3997	15.7579	0.07855
2.5927	-0.3988	15.7567	0.07855
2.5955	-0.398	15.7556	0.07856
2.5982	-0.3973	15.7545	0.07856
2.601	-0.3965	15.7534	0.07857
2.6037	-0.3957	15.7522	0.07857
2.6064	-0.3949	15.7511	0.07857
2.6092	-0.3941	15.75	0.07858
2.6119	-0.3933	15.7489	0.07858
2.6146	-0.3925	15.7478	0.07859
2.6174	-0.3917	15.7466	0.07859
2.6201	-0.391	15.7455	0.0786
2.6229	-0.3902	15.7444	0.0786
2.6256	-0.3894	15.7433	0.07861
2.6283	-0.3886	15.7422	0.07861
2.6311	-0.3879	15.7411	0.07861
2.6338	-0.3871	15.74	0.07862
2.6366	-0.3864	15.7388	0.07862
2.6393	-0.3856	15.7377	0.07863
2.642	-0.3848	15.7366	0.07863
2.6448	-0.3841	15.7355	0.07864
2.6475	-0.3833	15.7344	0.07864
2.6502	-0.3826	15.7333	0.07865
2.653	-0.3818	15.7322	0.07865
2.6557	-0.3811	15.7311	0.07865
2.6585	-0.3804	15.73	0.07866
2.6612	-0.3796	15.7289	0.07866
2.6639	-0.3789	15.7278	0.07867
2.6667	-0.3782	15.7267	0.07867
2.6694	-0.3774	15.7256	0.07868
2.6721	-0.3767	15.7245	0.07868
2.6749	-0.376	15.7234	0.07869
2.6776	-0.3753	15.7222	0.07869
2.6804	-0.3745	15.7211	0.0787
2.6831	-0.3738	15.72	0.0787
2.6858	-0.3731	15.719	0.07871
2.6886	-0.3724	15.7179	0.07871
2.6913	-0.3717	15.7168	0.07872
2.694	-0.371	15.7157	0.07872
2.6968	-0.3703	15.7146	0.07872
2.6995	-0.3696	15.7135	0.07873
2.7023	-0.3689	15.7124	0.07873
2.705	-0.3682	15.7113	0.07874
2.7077	-0.3675	15.7102	0.07874
2.7105	-0.3668	15.7091	0.07875
2.7132	-0.3661	15.708	0.07875
2.7159	-0.3655	15.7069	0.07876
2.7187	-0.3648	15.7058	0.07876
2.7214	-0.3641	15.7047	0.07877
2.7242	-0.3634	15.7037	0.07877
2.7269	-0.3628	15.7026	0.07878
2.7296	-0.3621	15.7015	0.07878
2.7324	-0.3614	15.7004	0.07879
2.7351	-0.3608	15.6993	0.07879
2.7379	-0.3601	15.6982	0.0788
2.7406	-0.3594	15.6971	0.0788
2.7433	-0.3588	15.6961	0.07881
2.7461	-0.3581	15.695	0.07881
2.7488	-0.3575	15.6939	0.07882
2.7515	-0.3568	15.6928	0.07882
2.7543	-0.3562	15.6917	0.07883
2.757	-0.3556	15.6907	0.07883
2.7598	-0.3549	15.6896	0.07884
2.7625	-0.3543	15.6885	0.07884
2.7652	-0.3536	15.6874	0.07885
2.768	-0.353	15.6864	0.07885
2.7707	-0.3524	15.6853	0.07886
2.7734	-0.3518	15.6842	0.07886
2.7762	-0.3511	15.6832	0.07887
2.7789	-0.3505	15.6821	0.07887
2.7817	-0.3499	15.681	0.07888
2.7844	-0.3493	15.6799	0.07888
2.7871	-0.3487	15.6789	0.07889
2.7899	-0.3481	15.6778	0.07889
2.7926	-0.3475	15.6767	0.0789
2.7953	-0.3469	15.6757	0.0789
2.7981	-0.3463	15.6746	0.07891
2.8008	-0.3457	15.6735	0.07891
2.8036	-0.3451	15.6725	0.07892
2.8063	-0.3445	15.6714	0.07892
2.809	-0.3439	15.6704	0.07893
2.8118	-0.3433	15.6693	0.07893
2.8145	-0.3427	15.6682	0.07894
2.8172	-0.3422	15.6672	0.07894
2.82	-0.3416	15.6661	0.07895
2.8227	-0.341	15.6651	0.07895
2.8255	-0.3404	15.664	0.07896
2.8282	-0.3399	15.663	0.07896
2.8309	-0.3393	15.6619	0.07897
2.8337	-0.3388	15.6609	0.07897
2.8364	-0.3382	15.6598	0.07898
2.8392	-0.3376	15.6588	0.07898
2.8419	-0.3371	15.6577	0.07899
2.8446	-0.3365	15.6567	0.07899
2.8474	-0.336	15.6556	0.079
2.8501	-0.3354	15.6546	0.079
2.8528	-0.3349	15.6535	0.07901
2.8556	-0.3344	15.6525	0.07901
2.8583	-0.3338	15.6514	0.07902
2.8611	-0.3333	15.6504	0.07903
2.8638	-0.3328	15.6493	0.07903
2.8665	-0.3322	15.6483	0.07904
2.8693	-0.3317	15.6473	0.07904
2.872	-0.3312	15.6462	0.07905
2.8747	-0.3307	15.6452	0.07905
2.8775	-0.3302	15.6441	0.07906
2.8802	-0.3296	15.6431	0.07906
2.883	-0.3291	15.6421	0.07907
2.8857	-0.3286	15.641	0.07907
2.8884	-0.3281	15.64	0.07908
2.8912	-0.3276	15.639	0.07908
2.8939	-0.3271	15.6379	0.07909
2.8966	-0.3266	15.6369	0.0791
2.8994	-0.3261	15.6359	0.0791
2.9021	-0.3257	15.6349	0.07911
2.9049	-0.3252	15.6338	0.07911
2.9076	-0.3247	15.6328	0.07912
2.9103	-0.3242	15.6318	0.07912
2.9131	-0.3237	15.6308	0.07913
2.9158	-0.3233	15.6297	0.07913
2.9185	-0.3228	15.6287	0.07914
2.9213	-0.3223	15.6277	0.07915
2.924	-0.3218	15.6267	0.07915
2.9268	-0.3214	15.6256	0.07916
2.9295	-0.3209	15.6246	0.07916
2.9322	-0.3205	15.6236	0.07917
2.935	-0.32	15.6226	0.07917
2.9377	-0.3196	15.6216	0.07918
2.9405	-0.3191	15.6206	0.07918
2.9432	-0.3187	15.6196	0.07919
2.9459	-0.3182	15.6185	0.0792
2.9487	-0.3178	15.6175	0.0792
2.9514	-0.3174	15.6165	0.07921
2.9541	-0.3169	15.6155	0.07921
2.9569	-0.3165	15.6145	0.07922
2.9596	-0.3161	15.6135	0.07922
2.9624	-0.3156	15.6125	0.07923
2.9651	-0.3152	15.6115	0.07924
2.9678	-0.3148	15.6105	0.07924
2.9706	-0.3144	15.6095	0.07925
2.9733	-0.314	15.6085	0.07925
2.976	-0.3136	15.6075	0.07926
2.9788	-0.3132	15.6065	0.07926
2.9815	-0.3128	15.6055	0.07927
2.9843	-0.3124	15.6045	0.07928
2.987	-0.312	15.6035	0.07928
2.9897	-0.3116	15.6025	0.07929
2.9925	-0.3112	15.6015	0.07929
2.9952	-0.3108	15.6005	0.0793
2.9979	-0.3104	15.5995	0.07931
3.0007	-0.31	15.5986	0.07931
3.0034	-0.3097	15.5976	0.07932
3.0062	-0.3093	15.5966	0.07932
3.0089	-0.3089	15.5956	0.07933
3.0116	-0.3085	15.5946	0.07934
3.0144	-0.3082	15.5936	0.07934
3.0171	-0.3078	15.5926	0.07935
3.0198	-0.3074	15.5917	0.07935
3.0226	-0.3071	15.5907	0.07936
3.0253	-0.3067	15.5897	0.07936
3.0281	-0.3064	15.5887	0.07937
3.0308	-0.306	15.5878	0.07938
3.0335	-0.3057	15.5868	0.07938
3.0363	-0.3054	15.5858	0.07939
3.039	-0.305	15.5848	0.0794
3.0418	-0.3047	15.5839	0.0794
3.0445	-0.3043	15.5829	0.07941
3.0472	-0.304	15.5819	0.07941
3.05	-0.3037	15.581	0.07942
3.0527	-0.3034	15.58	0.07943
3.0554	-0.3031	15.579	0.07943
3.0582	-0.3027	15.5781	0.07944
3.0609	-0.3024	15.5771	0.07944
3.0637	-0.3021	15.5761	0.07945
3.0664	-0.3018	15.5752	0.07946
3.0691	-0.3015	15.5742	0.07946
3.0719	-0.3012	15.5733	0.07947
3.0746000000000002	-0.3009	15.5723	0.07948
3.0773	-0.3006	15.5714	0.07948
3.0801	-0.3003	15.5704	0.07949
3.0828	-0.3	15.5695	0.07949
3.0856	-0.2997	15.5685	0.0795
3.0883	-0.2995	15.5676	0.07951
3.091	-0.2992	15.5666	0.07951
3.0938	-0.2989	15.5657	0.07952
3.0965	-0.2986	15.5647	0.07953
3.0992	-0.2984	15.5638	0.07953
3.102	-0.2981	15.5628	0.07954
3.1047	-0.2978	15.5619	0.07954
3.1075	-0.2976	15.5609	0.07955
3.1102	-0.2973	15.56	0.07956
3.1129	-0.2971	15.5591	0.07956
3.1157	-0.2968	15.5581	0.07957
3.1184	-0.2966	15.5572	0.07958
3.1211	-0.2963	15.5563	0.07958
3.1239	-0.2961	15.5553	0.07959
3.1266	-0.2959	15.5544	0.0796
3.1294	-0.2956	15.5535	0.0796
3.1321	-0.2954	15.5525	0.07961
3.1348	-0.2952	15.5516	0.07962
3.1376	-0.2949	15.5507	0.07962
3.1403	-0.2947	15.5498	0.07963
3.1431	-0.2945	15.5489	0.07964
3.1458	-0.2943	15.5479	0.07964
3.1485	-0.2941	15.547	0.07965
3.1513	-0.2939	15.5461	0.07966
3.154	-0.2937	15.5452	0.07966
3.1567	-0.2934	15.5443	0.07967
3.1595	-0.2932	15.5434	0.07967
3.1622	-0.2931	15.5424	0.07968
3.165	-0.2929	15.5415	0.07969
3.1677	-0.2927	15.5406	0.07969
3.1704	-0.2925	15.5397	0.0797
3.1732	-0.2923	15.5388	0.07971
3.1759	-0.2921	15.5379	0.07972
3.1786	-0.2919	15.537	0.07972
3.1814	-0.2918	15.5361	0.07973
3.1841	-0.2916	15.5352	0.07974
3.1869	-0.2914	15.5343	0.07974
3.1896	-0.2913	15.5334	0.07975
3.1923	-0.2911	15.5325	0.07976
3.1951	-0.2909	15.5316	0.07976
3.1978	-0.2908	15.5307	0.07977
3.2005	-0.2906	15.5298	0.07978
3.2033	-0.2905	15.5289	0.07978
3.206	-0.2903	15.5281	0.07979
3.2088	-0.2902	15.5272	0.0798
3.2115	-0.2901	15.5263	0.0798
3.2142	-0.2899	15.5254	0.07981
3.217	-0.2898	15.5245	0.07982
3.2197	-0.2897	15.5236	0.07982
3.2225	-0.2895	15.5228	0.07983
3.2252	-0.2894	15.5219	0.07984
3.2279	-0.2893	15.521	0.07985
3.2307	-0.2892	15.5201	0.07985
3.2334	-0.289	15.5193	0.07986
3.2361	-0.2889	15.5184	0.07987
3.2389	-0.2888	15.5175	0.07987
3.2416	-0.2887	15.5167	0.07988
3.2444	-0.2886	15.5158	0.07989
3.2471	-0.2885	15.5149	0.07989
3.2498	-0.2884	15.5141	0.0799
3.2526	-0.2883	15.5132	0.07991
3.2553	-0.2882	15.5123	0.07992
3.258	-0.2881	15.5115	0.07992
3.2608	-0.2881	15.5106	0.07993
3.2635	-0.288	15.5098	0.07994
3.2663	-0.2879	15.5089	0.07994
3.269	-0.2878	15.5081	0.07995
3.2717	-0.2877	15.5072	0.07996
3.2745	-0.2877	15.5064	0.07997
3.2772	-0.2876	15.5055	0.07997
3.2799	-0.2875	15.5047	0.07998
3.2827	-0.2875	15.5038	0.07999
3.2854	-0.2874	15.503	0.07999
3.2882	-0.2874	15.5021	0.08
3.2909	-0.2873	15.5013	0.08001
3.2936	-0.2873	15.5005	0.08002
3.2964	-0.2872	15.4996	0.08002
3.2991	-0.2872	15.4988	0.08003
3.3018	-0.2871	15.498	0.08004
3.3046	-0.2871	15.4971	0.08005
3.3073	-0.2871	15.4963	0.08005
3.3101	-0.287	15.4955	0.08006
3.3128	-0.287	15.4946	0.08007
3.3155	-0.287	15.4938	0.08008
3.3183	-0.287	15.493	0.08008
3.321	-0.2869	15.4922	0.08009
3.3238	-0.2869	15.4914	0.0801
3.3265	-0.2869	15.4905	0.08011
3.3292	-0.2869	15.4897	0.08011
3.332	-0.2869	15.4889	0.08012
3.3347	-0.2869	15.4881	0.08013
3.3374	-0.2869	15.4873	0.08014
3.3402	-0.2869	15.4865	0.08014
3.3429	-0.2869	15.4857	0.08015
3.3457	-0.2869	15.4848	0.08016
3.3484	-0.2869	15.484	0.08017
3.3511	-0.2869	15.4832	0.08017
3.3539	-0.2869	15.4824	0.08018
3.3566	-0.287	15.4816	0.08019
3.3593	-0.287	15.4808	0.0802
3.3621	-0.287	15.48	0.0802
3.3648	-0.287	15.4792	0.08021
3.3676	-0.2871	15.4785	0.08022
3.3703	-0.2871	15.4777	0.08023
3.373	-0.2871	15.4769	0.08023
3.3758	-0.2872	15.4761	0.08024
3.3785	-0.2872	15.4753	0.08025
3.3812	-0.2873	15.4745	0.08026
3.384	-0.2873	15.4737	0.08027
3.3867	-0.2874	15.4729	0.08027
3.3895	-0.2874	15.4722	0.08028
3.3922	-0.2875	15.4714	0.08029
3.3949	-0.2875	15.4706	0.0803
3.3977	-0.2876	15.4698	0.08031
3.4004	-0.2877	15.4691	0.08031
3.4031	-0.2877	15.4683	0.08032
3.4059	-0.2878	15.4675	0.08033
3.4086	-0.2879	15.4667	0.08034
3.4114	-0.288	15.466	0.08034
3.4141	-0.288	15.4652	0.08035
3.4168	-0.2881	15.4645	0.08036
3.4196	-0.2882	15.4637	0.08037
3.4223	-0.2883	15.4629	0.08038
3.4251	-0.2884	15.4622	0.08038
3.4278	-0.2885	15.4614	0.08039
3.4305	-0.2886	15.4607	0.0804
3.4333	-0.2887	15.4599	0.08041
3.436	-0.2888	15.4592	0.08042
3.4387	-0.2889	15.4584	0.08042
3.4415	-0.289	15.4577	0.08043
3.4442	-0.2891	15.4569	0.08044
3.447	-0.2892	15.4562	0.08045
3.4497	-0.2893	15.4554	0.08046
3.4524	-0.2894	15.4547	0.08046
3.4552	-0.2896	15.4539	0.08047
3.4579	-0.2897	15.4532	0.08048
3.4606	-0.2898	15.4525	0.08049
3.4634	-0.2899	15.4517	0.0805
3.4661	-0.2901	15.451	0.08051
3.4689	-0.2902	15.4503	0.08051
3.4716	-0.2903	15.4495	0.08052
3.4743	-0.2905	15.4488	0.08053
3.4771	-0.2906	15.4481	0.08054
3.4798	-0.2908	15.4473	0.08055
3.4825	-0.2909	15.4466	0.08056
3.4853	-0.2911	15.4459	0.08056
3.488	-0.2912	15.4452	0.08057
3.4908	-0.2914	15.4445	0.08058
3.4935	-0.2915	15.4437	0.08059
3.4962	-0.2917	15.443	0.0806
3.499	-0.2918	15.4423	0.08061
3.5017	-0.292	15.4416	0.08061
3.5044	-0.2922	15.4409	0.08062
3.5072	-0.2924	15.4402	0.08063
3.5099	-0.2925	15.4395	0.08064
3.5127	-0.2927	15.4388	0.08065
3.5154	-0.2929	15.438	0.08066
3.5181	-0.2931	15.4373	0.08066
3.5209	-0.2933	15.4366	0.08067
3.5236	-0.2934	15.4359	0.08068
3.5264	-0.2936	15.4352	0.08069
3.5291	-0.2938	15.4345	0.0807
3.5318	-0.294	15.4338	0.08071
3.5346	-0.2942	15.4332	0.08072
3.5373	-0.2944	15.4325	0.08072
3.54	-0.2946	15.4318	0.08073
3.5428	-0.2948	15.4311	0.08074
3.5455	-0.295	15.4304	0.08075
3.5483	-0.2952	15.4297	0.08076
3.551	-0.2954	15.429	0.08077
3.5537	-0.2957	15.4283	0.08078
3.5565	-0.2959	15.4276	0.08078
3.5592	-0.2961	15.427	0.08079
3.5619	-0.2963	15.4263	0.0808
3.5647	-0.2965	15.4256	0.08081
3.5674	-0.2968	15.4249	0.08082
3.5702	-0.297	15.4243	0.08083
3.5729	-0.2972	15.4236	0.08084
3.5756	-0.2975	15.4229	0.08085
3.5784	-0.2977	15.4222	0.08085
3.5811	-0.2979	15.4216	0.08086
3.5838	-0.2982	15.4209	0.08087
3.5866	-0.2984	15.4202	0.08088
3.5893	-0.2987	15.4196	0.08089
3.5921	-0.2989	15.4189	0.0809
3.5948	-0.2992	15.4182	0.08091
3.5975	-0.2994	15.4176	0.08092
3.6003	-0.2997	15.4169	0.08093
3.603	-0.3	15.4162	0.08093
3.6057	-0.3002	15.4156	0.08094
3.6085	-0.3005	15.4149	0.08095
3.6112	-0.3008	15.4143	0.08096
3.614	-0.301	15.4136	0.08097
3.6167	-0.3013	15.413	0.08098
3.6194	-0.3016	15.4123	0.08099
3.6222	-0.3018	15.4117	0.081
3.6249	-0.3021	15.411	0.08101
3.6277	-0.3024	15.4104	0.08102
3.6304	-0.3027	15.4097	0.08102
3.6331	-0.303	15.4091	0.08103
3.6359	-0.3033	15.4084	0.08104
3.6386	-0.3036	15.4078	0.08105
3.6413	-0.3038	15.4072	0.08106
3.6441	-0.3041	15.4065	0.08107
3.6468	-0.3044	15.4059	0.08108
3.6496	-0.3047	15.4052	0.08109
3.6523	-0.305	15.4046	0.0811
3.655	-0.3054	15.404	0.08111
3.6578	-0.3057	15.4033	0.08112
3.6605	-0.306	15.4027	0.08113
3.6632	-0.3063	15.4021	0.08113
3.666	-0.3066	15.4015	0.08114
3.6687	-0.3069	15.4008	0.08115
3.6715	-0.3072	15.4002	0.08116
3.6742	-0.3076	15.3996	0.08117
3.6769	-0.3079	15.399	0.08118
3.6797	-0.3082	15.3983	0.08119
3.6824	-0.3085	15.3977	0.0812
3.6851	-0.3089	15.3971	0.08121
3.6879	-0.3092	15.3965	0.08122
3.6906	-0.3095	15.3958	0.08123
3.6934	-0.3099	15.3952	0.08124
3.6961	-0.3102	15.3946	0.08125
3.6988	-0.3106	15.394	0.08126
3.7016	-0.3109	15.3934	0.08127
3.7043	-0.3113	15.3928	0.08128
3.707	-0.3116	15.3922	0.08128
3.7098	-0.312	15.3916	0.08129
3.7125	-0.3123	15.3909	0.0813
3.7153	-0.3127	15.3903	0.08131
3.718	-0.313	15.3897	0.08132
3.7207	-0.3134	15.3891	0.08133
3.7235	-0.3138	15.3885	0.08134
3.7262	-0.3141	15.3879	0.08135
3.729	-0.3145	15.3873	0.08136
3.7317	-0.3149	15.3867	0.08137
3.7344	-0.3152	15.3861	0.08138
3.7372	-0.3156	15.3855	0.08139
3.7399	-0.316	15.3849	0.0814
3.7426	-0.3164	15.3843	0.08141
3.7454	-0.3168	15.3837	0.08142
3.7481	-0.3171	15.3831	0.08143
3.7509	-0.3175	15.3825	0.08144
3.7536	-0.3179	15.382	0.08145
3.7563	-0.3183	15.3814	0.08146
3.7591	-0.3187	15.3808	0.08147
3.7618	-0.3191	15.3802	0.08148
3.7645	-0.3195	15.3796	0.08149
3.7673	-0.3199	15.379	0.0815
3.77	-0.3203	15.3784	0.08151
3.7728	-0.3207	15.3778	0.08152
3.7755	-0.3211	15.3773	0.08153
3.7782	-0.3215	15.3767	0.08154
3.781	-0.322	15.3761	0.08155
3.7837	-0.3224	15.3755	0.08156
3.7864	-0.3228	15.3749	0.08157
3.7892	-0.3232	15.3744	0.08158
3.7919	-0.3236	15.3738	0.08159
3.7947	-0.3241	15.3732	0.0816
3.7974	-0.3245	15.3726	0.08161
3.8001	-0.3249	15.3721	0.08162
3.8029	-0.3253	15.3715	0.08163
3.8056	-0.3258	15.3709	0.08164
3.8084	-0.3262	15.3703	0.08165
3.8111	-0.3266	15.3698	0.08166
3.8138	-0.3271	15.3692	0.08167
3.8166	-0.3275	15.3686	0.08168
3.8193	-0.328	15.3681	0.08169
3.822	-0.3284	15.3675	0.0817
3.8248	-0.3289	15.3669	0.08171
3.8275	-0.3293	15.3664	0.08172
3.8303	-0.3298	15.3658	0.08173
3.833	-0.3302	15.3652	0.08174
3.8357	-0.3307	15.3647	0.08175
3.8385	-0.3312	15.3641	0.08176
3.8412	-0.3316	15.3636	0.08177
3.8439	-0.3321	15.363	0.08178
3.8467	-0.3325	15.3624	0.08179
3.8494	-0.333	15.3619	0.0818
3.8522	-0.3335	15.3613	0.08181
3.8549	-0.334	15.3608	0.08182
3.8576	-0.3344	15.3602	0.08183
3.8604	-0.3349	15.3597	0.08184
3.8631	-0.3354	15.3591	0.08185
3.8658	-0.3359	15.3586	0.08186
3.8686	-0.3364	15.358	0.08187
3.8713	-0.3369	15.3575	0.08188
3.8741	-0.3373	15.3569	0.08189
3.8768	-0.3378	15.3564	0.0819
3.8795	-0.3383	15.3558	0.08191
3.8823	-0.3388	15.3553	0.08192
3.885	-0.3393	15.3547	0.08193
3.8877	-0.3398	15.3542	0.08194
3.8905	-0.3403	15.3537	0.08195
3.8932	-0.3408	15.3531	0.08196
3.896	-0.3413	15.3526	0.08197
3.8987	-0.3418	15.352	0.08198
3.9014	-0.3424	15.3515	0.082
3.9042	-0.3429	15.351	0.08201
3.9069	-0.3434	15.3504	0.08202
3.9097	-0.3439	15.3499	0.08203
3.9124	-0.3444	15.3493	0.08204
3.9151	-0.3449	15.3488	0.08205
3.9179	-0.3455	15.3483	0.08206
3.9206	-0.346	15.3477	0.08207
3.9233	-0.3465	15.3472	0.08208
3.9261	-0.3471	15.3467	0.08209
3.9288	-0.3476	15.3461	0.0821
3.9316	-0.3481	15.3456	0.08211
3.9343	-0.3487	15.3451	0.08212
3.937	-0.3492	15.3445	0.08213
3.9398	-0.3497	15.344	0.08214
3.9425	-0.3503	15.3435	0.08215
3.9452	-0.3508	15.343	0.08216
3.948	-0.3514	15.3424	0.08218
3.9507	-0.3519	15.3419	0.08219
3.9535	-0.3525	15.3414	0.0822
3.9562	-0.353	15.3409	0.08221
3.9589	-0.3536	15.3403	0.08222
3.9617	-0.3541	15.3398	0.08223
3.9644	-0.3547	15.3393	0.08224
3.9671	-0.3553	15.3388	0.08225
3.9699	-0.3558	15.3383	0.08226
3.9726	-0.3564	15.3377	0.08227
3.9754	-0.357	15.3372	0.08228
3.9781	-0.3575	15.3367	0.08229
3.9808	-0.3581	15.3362	0.08231
3.9836	-0.3587	15.3357	0.08232
3.9863	-0.3593	15.3352	0.08233
3.989	-0.3598	15.3346	0.08234
3.9918	-0.3604	15.3341	0.08235
3.9945	-0.361	15.3336	0.08236
3.9973	-0.3616	15.3331	0.08237
4	-0.3622	15.3326	0.08238
4.0027	-0.3628	15.3321	0.08239
4.0055	-0.3634	15.3316	0.0824
4.0082	-0.364	15.3311	0.08241
4.011	-0.3646	15.3306	0.08243
4.0137	-0.3652	15.3301	0.08244
4.0164	-0.3658	15.3295	0.08245
4.0192	-0.3664	15.329	0.08246
4.0219	-0.367	15.3285	0.08247
4.0246	-0.3676	15.328	0.08248
4.0274	-0.3682	15.3275	0.08249
4.0301	-0.3688	15.327	0.0825
4.0329	-0.3694	15.3265	0.08251
4.0356	-0.37	15.326	0.08253
4.0383	-0.3706	15.3255	0.08254
4.0411	-0.3713	15.325	0.08255
4.0438	-0.3719	15.3245	0.08256
4.0465	-0.3725	15.324	0.08257
4.0493	-0.3731	15.3235	0.08258
4.052	-0.3738	15.323	0.08259
4.0548	-0.3744	15.3225	0.0826
4.0575	-0.375	15.322	0.08262
4.0602	-0.3756	15.3215	0.08263
4.063	-0.3763	15.3211	0.08264
4.0657	-0.3769	15.3206	0.08265
4.0684	-0.3776	15.3201	0.08266
4.0712	-0.3782	15.3196	0.08267
4.0739	-0.3789	15.3191	0.08268
4.0767	-0.3795	15.3186	0.08269
4.0794	-0.3801	15.3181	0.08271
4.0821	-0.3808	15.3176	0.08272
4.0849	-0.3815	15.3171	0.08273
4.0876	-0.3821	15.3166	0.08274
4.0903	-0.3828	15.3162	0.08275
4.0931	-0.3834	15.3157	0.08276
4.0958	-0.3841	15.3152	0.08277
4.0986	-0.3847	15.3147	0.08279
4.1013	-0.3854	15.3142	0.0828
4.104	-0.3861	15.3137	0.08281
4.1068	-0.3867	15.3133	0.08282
4.1095	-0.3874	15.3128	0.08283
4.1123	-0.3881	15.3123	0.08284
4.115	-0.3888	15.3118	0.08285
4.1177	-0.3894	15.3113	0.08287
4.1205	-0.3901	15.3109	0.08288
4.1232	-0.3908	15.3104	0.08289
4.1259	-0.3915	15.3099	0.0829
4.1287	-0.3922	15.3094	0.08291
4.1314	-0.3929	15.309	0.08292
4.1342	-0.3936	15.3085	0.08293
4.1369	-0.3942	15.308	0.08295
4.1396	-0.3949	15.3075	0.08296
4.1424	-0.3956	15.3071	0.08297
4.1451	-0.3963	15.3066	0.08298
4.1478	-0.397	15.3061	0.08299
4.1506	-0.3977	15.3057	0.083
4.1533	-0.3984	15.3052	0.08302
4.1561	-0.3991	15.3047	0.08303
4.1588	-0.3998	15.3043	0.08304
4.1615	-0.4006	15.3038	0.08305
4.1643	-0.4013	15.3033	0.08306
4.167	-0.402	15.3029	0.08307
4.1697	-0.4027	15.3024	0.08309
4.1725	-0.4034	15.3019	0.0831
4.1752	-0.4041	15.3015	0.08311
4.178	-0.4049	15.301	0.08312
4.1807	-0.4056	15.3005	0.08313
4.1834	-0.4063	15.3001	0.08314
4.1862	-0.407	15.2996	0.08316
4.1889	-0.4078	15.2992	0.08317
4.1916	-0.4085	15.2987	0.08318
4.1944	-0.4092	15.2982	0.08319
4.1971	-0.41	15.2978	0.0832
4.1999	-0.4107	15.2973	0.08322
4.2026	-0.4114	15.2969	0.08323
4.2053	-0.4122	15.2964	0.08324
4.2081	-0.4129	15.2959	0.08325
4.2108	-0.4137	15.2955	0.08326
4.2136	-0.4144	15.295	0.08327
4.2163	-0.4151	15.2946	0.08329
4.219	-0.4159	15.2941	0.0833
4.2218	-0.4166	15.2937	0.08331
4.2245	-0.4174	15.2932	0.08332
4.2272	-0.4182	15.2928	0.08333
4.23	-0.4189	15.2923	0.08335
4.2327	-0.4197	15.2919	0.08336
4.2355	-0.4204	15.2914	0.08337
4.2382	-0.4212	15.291	0.08338
4.2409	-0.422	15.2905	0.08339
4.2437	-0.4227	15.2901	0.08341
4.2464	-0.4235	15.2896	0.08342
4.2491	-0.4243	15.2892	0.08343
4.2519	-0.425	15.2888	0.08344
4.2546	-0.4258	15.2883	0.08345
4.2574	-0.4266	15.2879	0.08347
4.2601	-0.4274	15.2874	0.08348
4.2628	-0.4281	15.287	0.08349
4.2656	-0.4289	15.2865	0.0835
4.2683	-0.4297	15.2861	0.08351
4.271	-0.4305	15.2857	0.08353
4.2738	-0.4313	15.2852	0.08354
4.2765	-0.4321	15.2848	0.08355
4.2793	-0.4328	15.2844	0.08356
4.282	-0.4336	15.2839	0.08357
4.2847	-0.4344	15.2835	0.08359
4.2875	-0.4352	15.283	0.0836
4.2902	-0.436	15.2826	0.08361
4.293	-0.4368	15.2822	0.08362
4.2957	-0.4376	15.2817	0.08364
4.2984	-0.4384	15.2813	0.08365
4.3012	-0.4392	15.2809	0.08366
4.3039	-0.44	15.2805	0.08367
4.3066	-0.4408	15.28	0.08368
4.3094	-0.4417	15.2796	0.0837
4.3121	-0.4425	15.2792	0.08371
4.3149	-0.4433	15.2787	0.08372
4.3176	-0.4441	15.2783	0.08373
4.3203	-0.4449	15.2779	0.08375
4.3231	-0.4457	15.2775	0.08376
4.3258	-0.4465	15.277	0.08377
4.3285	-0.4474	15.2766	0.08378
4.3313	-0.4482	15.2762	0.08379
4.334	-0.449	15.2758	0.08381
4.3368	-0.4498	15.2753	0.08382
4.3395	-0.4507	15.2749	0.08383
4.3422	-0.4515	15.2745	0.08384
4.345	-0.4523	15.2741	0.08386
4.3477	-0.4532	15.2737	0.08387
4.3504	-0.454	15.2732	0.08388
4.3532	-0.4548	15.2728	0.08389
4.3559	-0.4557	15.2724	0.08391
4.3587	-0.4565	15.272	0.08392
4.3614	-0.4574	15.2716	0.08393
4.3641	-0.4582	15.2712	0.08394
4.3669	-0.459	15.2708	0.08395
4.3696	-0.4599	15.2703	0.08397
4.3723	-0.4607	15.2699	0.08398
4.3751	-0.4616	15.2695	0.08399
4.3778	-0.4624	15.2691	0.084
4.3806	-0.4633	15.2687	0.08402
4.3833	-0.4641	15.2683	0.08403
4.386	-0.465	15.2679	0.08404
4.3888	-0.4659	15.2675	0.08405
4.3915	-0.4667	15.2671	0.08407
4.3943	-0.4676	15.2667	0.08408
4.397	-0.4684	15.2662	0.08409
4.3997	-0.4693	15.2658	0.0841
4.4025	-0.4702	15.2654	0.08412
4.4052	-0.471	15.265	0.08413
4.4079	-0.4719	15.2646	0.08414
4.4107	-0.4728	15.2642	0.08415
4.4134	-0.4736	15.2638	0.08417
4.4162	-0.4745	15.2634	0.08418
4.4189	-0.4754	15.263	0.08419
4.4216	-0.4762	15.2626	0.0842
4.4244	-0.4771	15.2622	0.08422
4.4271	-0.478	15.2618	0.08423
4.4298	-0.4789	15.2614	0.08424
4.4326	-0.4798	15.261	0.08425
4.4353	-0.4806	15.2606	0.08427
4.4381	-0.4815	15.2602	0.08428
4.4408	-0.4824	15.2598	0.08429
4.4435	-0.4833	15.2594	0.08431
4.4463	-0.4842	15.259	0.08432
4.449	-0.4851	15.2586	0.08433
4.4517	-0.486	15.2582	0.08434
4.4545	-0.4869	15.2579	0.08436
4.4572	-0.4877	15.2575	0.08437
4.46	-0.4886	15.2571	0.08438
4.4627	-0.4895	15.2567	0.08439
4.4654	-0.4904	15.2563	0.08441
4.4682	-0.4913	15.2559	0.08442
4.4709	-0.4922	15.2555	0.08443
4.4736	-0.4931	15.2551	0.08444
4.4764	-0.494	15.2547	0.08446
4.4791	-0.4949	15.2543	0.08447
4.4819	-0.4958	15.254	0.08448
4.4846	-0.4968	15.2536	0.0845
4.4873	-0.4977	15.2532	0.08451
4.4901	-0.4986	15.2528	0.08452
4.4928	-0.4995	15.2524	0.08453
4.4956	-0.5004	15.252	0.08455
4.4983	-0.5013	15.2516	0.08456
4.501	-0.5022	15.2513	0.08457
4.5038	-0.5031	15.2509	0.08459
4.5065	-0.504	15.2505	0.0846
4.5092	-0.505	15.2501	0.08461
4.512	-0.5059	15.2497	0.08462
4.5147	-0.5068	15.2494	0.08464
4.5175	-0.5077	15.249	0.08465
4.5202	-0.5087	15.2486	0.08466
4.5229	-0.5096	15.2482	0.08468
4.5257	-0.5105	15.2478	0.08469
4.5284	-0.5114	15.2475	0.0847
4.5311	-0.5124	15.2471	0.08471
4.5339	-0.5133	15.2467	0.08473
4.5366	-0.5142	15.2463	0.08474
4.5394	-0.5151	15.246	0.08475
4.5421	-0.5161	15.2456	0.08477
4.5448	-0.517	15.2452	0.08478
4.5476	-0.518	15.2448	0.08479
4.5503	-0.5189	15.2445	0.0848
4.553	-0.5198	15.2441	0.08482
4.5558	-0.5208	15.2437	0.08483
4.5585	-0.5217	15.2433	0.08484
4.5613	-0.5227	15.243	0.08486
4.564	-0.5236	15.2426	0.08487
4.5667	-0.5245	15.2422	0.08488
4.5695	-0.5255	15.2419	0.0849
4.5722	-0.5264	15.2415	0.08491
4.5749	-0.5274	15.2411	0.08492
4.5777	-0.5283	15.2408	0.08493
4.5804	-0.5293	15.2404	0.08495
4.5832	-0.5302	15.24	0.08496
4.5859	-0.5312	15.2397	0.08497
4.5886	-0.5321	15.2393	0.08499
4.5914	-0.5331	15.2389	0.085
4.5941	-0.5341	15.2386	0.08501
4.5969	-0.535	15.2382	0.08503
4.5996	-0.536	15.2378	0.08504
4.6023	-0.5369	15.2375	0.08505
4.6051	-0.5379	15.2371	0.08506
4.6078	-0.5389	15.2368	0.08508
4.6105	-0.5398	15.2364	0.08509
4.6133	-0.5408	15.236	0.0851
4.616	-0.5418	15.2357	0.08512
4.6188	-0.5427	15.2353	0.08513
4.6215	-0.5437	15.235	0.08514
4.6242	-0.5447	15.2346	0.08516
4.627	-0.5456	15.2342	0.08517
4.6297	-0.5466	15.2339	0.08518
4.6324	-0.5476	15.2335	0.0852
4.6352	-0.5486	15.2332	0.08521
4.6379	-0.5495	15.2328	0.08522
4.6407	-0.5505	15.2325	0.08524
4.6434	-0.5515	15.2321	0.08525
4.6461	-0.5525	15.2318	0.08526
4.6489	-0.5535	15.2314	0.08527
4.6516	-0.5544	15.2311	0.08529
4.6543	-0.5554	15.2307	0.0853
4.6571	-0.5564	15.2304	0.08531
4.6598	-0.5574	15.23	0.08533
4.6626	-0.5584	15.2297	0.08534
4.6653	-0.5594	15.2293	0.08535
4.668	-0.5604	15.229	0.08537
4.6708	-0.5614	15.2286	0.08538
4.6735	-0.5623	15.2283	0.08539
4.6762	-0.5633	15.2279	0.08541
4.679	-0.5643	15.2276	0.08542
4.6817	-0.5653	15.2272	0.08543
4.6845	-0.5663	15.2269	0.08545
4.6872	-0.5673	15.2265	0.08546
4.6899	-0.5683	15.2262	0.08547
4.6927	-0.5693	15.2258	0.08549
4.6954	-0.5703	15.2255	0.0855
4.6982	-0.5713	15.2252	0.08551
4.7009	-0.5723	15.2248	0.08553
4.7036	-0.5733	15.2245	0.08554
4.7064	-0.5743	15.2241	0.08555
4.7091	-0.5754	15.2238	0.08557
4.7118	-0.5764	15.2235	0.08558
4.7146	-0.5774	15.2231	0.08559
4.7173	-0.5784	15.2228	0.08561
4.7201	-0.5794	15.2224	0.08562
4.7228	-0.5804	15.2221	0.08563
4.7255	-0.5814	15.2218	0.08565
4.7283	-0.5824	15.2214	0.08566
4.731	-0.5835	15.2211	0.08567
4.7337	-0.5845	15.2208	0.08569
4.7365	-0.5855	15.2204	0.0857
4.7392	-0.5865	15.2201	0.08571
4.742	-0.5875	15.2198	0.08573
4.7447	-0.5886	15.2194	0.08574
4.7474	-0.5896	15.2191	0.08575
4.7502	-0.5906	15.2188	0.08577
4.7529	-0.5916	15.2184	0.08578
4.7556	-0.5927	15.2181	0.08579
4.7584	-0.5937	15.2178	0.08581
4.7611	-0.5947	15.2175	0.08582
4.7639	-0.5958	15.2171	0.08583
4.7666	-0.5968	15.2168	0.08585
4.7693	-0.5978	15.2165	0.08586
4.7721	-0.5989	15.2162	0.08587
4.7748	-0.5999	15.2158	0.08589
4.7775	-0.6009	15.2155	0.0859
4.7803	-0.602	15.2152	0.08591
4.783	-0.603	15.2149	0.08593
4.7858	-0.604	15.2145	0.08594
4.7885	-0.6051	15.2142	0.08595
4.7912	-0.6061	15.2139	0.08597
4.794	-0.6072	15.2136	0.08598
4.7967	-0.6082	15.2133	0.08599
4.7995	-0.6093	15.213	0.08601
4.8022	-0.6103	15.2126	0.08602
4.8049	-0.6114	15.2123	0.08603
4.8077	-0.61240000000000006	15.212	0.08605
4.8104	-0.6135	15.2117	0.08606
4.8131	-0.6145	15.2114	0.08608
4.8159	-0.6156	15.2111	0.08609
4.8186	-0.6166	15.2108	0.0861
4.8214	-0.6177	15.2104	0.08612
4.8241	-0.6187	15.2101	0.08613
4.8268	-0.6198	15.2098	0.08614
4.8296	-0.6209	15.2095	0.08616
4.8323	-0.6219	15.2092	0.08617
4.835	-0.623	15.2089	0.08618
4.8378	-0.6241	15.2086	0.0862
4.8405	-0.6251	15.2083	0.08621
4.8433	-0.6262	15.208	0.08622
4.846	-0.6273	15.2077	0.08624
4.8487	-0.6283	15.2074	0.08625
4.8515	-0.6294	15.2071	0.08626
4.8542	-0.6305	15.2068	0.08628
4.8569	-0.6315	15.2065	0.08629
4.8597	-0.6326	15.2061	0.0863
4.8624	-0.6337	15.2058	0.08632
4.8652	-0.6348	15.2055	0.08633
4.8679	-0.6358	15.2052	0.08634
4.8706	-0.6369	15.2049	0.08636
4.8734	-0.638	15.2047	0.08637
4.8761	-0.6391	15.2044	0.08639
4.8789	-0.6402	15.2041	0.0864
4.8816	-0.6412	15.2038	0.08641
4.8843	-0.6423	15.2035	0.08643
4.8871	-0.6434	15.2032	0.08644
4.8898	-0.6445	15.2029	0.08645
4.8925	-0.6456	15.2026	0.08647
4.8953	-0.6467	15.2023	0.08648
4.898	-0.6478	15.202	0.08649
4.9008	-0.6488	15.2017	0.08651
4.9035	-0.6499	15.2014	0.08652
4.9062	-0.651	15.2011	0.08653
4.909	-0.6521	15.2008	0.08655
4.9117	-0.6532	15.2005	0.08656
4.9144	-0.6543	15.2003	0.08657
4.9172	-0.6554	15.2	0.08659
4.9199	-0.6565	15.1997	0.0866
4.9227	-0.6576	15.1994	0.08662
4.9254	-0.6587	15.1991	0.08663
4.9281	-0.6598	15.1988	0.08664
4.9309	-0.6609	15.1985	0.08666
4.9336	-0.662	15.1983	0.08667
4.9363	-0.6631	15.198	0.08668
4.9391	-0.6642	15.1977	0.0867
4.9418	-0.6653	15.1974	0.08671
4.9446	-0.6665	15.1971	0.08672
4.9473	-0.6676	15.1969	0.08674
4.95	-0.6687	15.1966	0.08675
4.9528	-0.6698	15.1963	0.08676
4.9555	-0.6709	15.196	0.08678
4.9582	-0.672	15.1958	0.08679
4.961	-0.6731	15.1955	0.0868
4.9637	-0.6743	15.1952	0.08682
4.9665	-0.6754	15.1949	0.08683
4.9692	-0.6765	15.1947	0.08685
4.9719	-0.6776	15.1944	0.08686
4.9747	-0.6787	15.1941	0.08687
4.9774	-0.6799	15.1938	0.08689
4.9802	-0.681	15.1936	0.0869
4.9829	-0.6821	15.1933	0.08691
4.9856	-0.6833	15.193	0.08693
4.9884	-0.6844	15.1928	0.08694
4.9911	-0.6855	15.1925	0.08695
4.9938	-0.6866	15.1922	0.08697
4.9966	-0.6878	15.192	0.08698
4.9993	-0.6889	15.1917	0.08699
5.0021	-0.69	15.1914	0.08701
5.0048	-0.6912	15.1912	0.08702
5.0075	-0.6923	15.1909	0.08704
5.0103	-0.6935	15.1906	0.08705
5.013	-0.6946	15.1904	0.08706
5.0157	-0.6957	15.1901	0.08708
5.0185	-0.6969	15.1899	0.08709
5.0212	-0.698	15.1896	0.0871
5.024	-0.6992	15.1893	0.08712
5.0267	-0.7003	15.1891	0.08713
5.0294	-0.7015	15.1888	0.08714
5.0322	-0.7026	15.1886	0.08716
5.0349	-0.7038	15.1883	0.08717
5.0376	-0.7049	15.188	0.08718
5.0404	-0.7061	15.1878	0.0872
5.0431	-0.7072	15.1875	0.08721
5.0459	-0.7084	15.1873	0.08722
5.0486	-0.7095	15.187	0.08724
5.0513	-0.7107	15.1868	0.08725
5.0541	-0.7118	15.1865	0.08727
5.0568	-0.713	15.1863	0.08728
5.0595	-0.7141	15.186	0.08729
5.0623	-0.7153	15.1858	0.08731
5.065	-0.7165	15.1855	0.08732
5.0678	-0.7176	15.1853	0.08733
5.0705	-0.7188	15.185	0.08735
5.0732	-0.72	15.1848	0.08736
5.076	-0.7211	15.1845	0.08737
5.0787	-0.7223	15.1843	0.08739
5.0815	-0.7235	15.184	0.0874
5.0833	-0.7387	15.2641	0.0839
5.1667	-0.7621	15.2616	0.08414
5.25	-0.7856	15.2604	0.08439
5.3333	-0.8089	15.2605	0.08464
5.4167	-0.8322	15.2619	0.0849
5.5	-0.8554	15.2645	0.08516
5.5833	-0.8785	15.2684	0.08543
5.6667	-0.9015	15.2737	0.0857
5.75	-0.9243	15.2801	0.08597
5.8333	-0.9471	15.2877	0.08625
5.9167	-0.9697	15.2965	0.08653
6	-0.9921	15.3062	0.08682
6.0833	-1.0144	15.3169	0.08711
6.1667	-1.0365	15.3285	0.08741
6.25	-1.0584	15.3408	0.08771
6.3333	-1.0801	15.354	0.08802
6.4167	-1.1017	15.3679	0.08833
6.5	-1.123	15.3825	0.08865
6.5833	-1.1441	15.3978	0.08898
6.6667	-1.1649	15.4137	0.08931
6.75	-1.1856	15.4302	0.08964
6.8333	-1.206	15.4473	0.08998
6.9167	-1.2261	15.465	0.09033
7	-1.246	15.4832	0.09068
7.0833	-1.2656	15.5019	0.09103
7.1667	-1.2849	15.521	0.09139
7.25	-1.304	15.5407	0.09176
7.3333	-1.3228	15.5608	0.09213
7.4167	-1.3414	15.5814	0.09251
7.5	-1.3596	15.6023	0.09289
7.5833	-1.3776	15.6237	0.09327
7.6667	-1.3953	15.6455	0.09366
7.75	-1.4126	15.6677	0.09406
7.8333	-1.4297	15.6903	0.09445
7.9167	-1.4464	15.7133	0.09486
8	-1.4629	15.7368	0.09526
8.0833	-1.479	15.7606	0.09567
8.1667	-1.4947	15.7848	0.09609
8.25	-1.5101	15.8094	0.09651
8.3333	-1.5252	15.8344	0.09693
8.4167	-1.5399	15.8597	0.09735
8.5	-1.5542	15.8855	0.09778
8.5833	-1.5681	15.9116	0.09821
8.6667	-1.5817	15.9381	0.09864
8.75	-1.5948	15.9651	0.09907
8.8333	-1.6076	15.9925	0.09951
8.9167	-1.6199	16.0205	0.09994
9	-1.6318	16.049	0.10038
9.0833	-1.6433	16.0781	0.10082
9.1667	-1.6544	16.1078	0.10126
9.25	-1.6651	16.1381	0.1017
9.3333	-1.6753	16.1692	0.10214
9.4167	-1.6851	16.2009	0.10259
9.5	-1.6944	16.2333	0.10303
9.5833	-1.7032	16.2665	0.10347
9.6667	-1.7116	16.3004	0.10391
9.75	-1.7196	16.3351	0.10435
9.8333	-1.7271	16.3704	0.10478
9.9167	-1.7341	16.4065	0.10522
10	-1.7407	16.4433	0.10566
10.0833	-1.7468	16.4807	0.10609
10.1667	-1.7525	16.5189	0.10652
10.25	-1.7578	16.5578	0.10695
10.3333	-1.7626	16.5974	0.10738
10.4167	-1.767	16.6376	0.10780000000000001
10.5	-1.771	16.6786	0.10823
10.5833	-1.7745	16.7203	0.10865
10.6667	-1.7777	16.7628	0.10906
10.75	-1.7804	16.8059	0.10948
10.8333	-1.7828	16.8497	0.10989
10.9167	-1.7847	16.8941	0.1103
11	-1.7862	16.9392	0.1107
11.0833	-1.7873000000000001	16.985	0.1111
11.1667	-1.7881	17.0314	0.1115
11.25	-1.7884	17.0784	0.11189
11.3333	-1.7884	17.1262	0.11228
11.4167	-1.788	17.1746	0.11266
11.5	-1.7873000000000001	17.2236	0.11304
11.5833	-1.7861	17.2734	0.11342000000000001
11.6667	-1.7846	17.324	0.11379
11.75	-1.7828	17.3752	0.11415
11.8333	-1.7806	17.4272	0.11451
11.9167	-1.778	17.4799	0.11487
12	-1.7751	17.5334	0.11522
12.0833	-1.7719	17.5877	0.11556
12.1667	-1.7684	17.6427	0.1159
12.25	-1.7645	17.6985	0.11623
12.3333	-1.7604	17.7551	0.11656
12.4167	-1.7559	17.8124	0.11688
12.5	-1.7511	17.8704	0.1172
12.5833	-1.7461	17.9292	0.11751
12.6667	-1.7408	17.9887	0.11781
12.75	-1.7352	18.0488	0.11811
12.8333	-1.7293	18.1096	0.11841
12.9167	-1.7232	18.171	0.11869
13	-1.7168	18.233	0.11898
13.0833	-1.7102	18.2955	0.11925
13.1667	-1.7033	18.3586	0.11952
13.25	-1.6962	18.4221	0.11979
13.3333	-1.6888	18.486	0.12005
13.4167	-1.6811	18.5502	0.1203
13.5	-1.6732	18.6148	0.12055
13.5833	-1.6651	18.6795	0.12079
13.6667	-1.6568	18.7445	0.12102
13.75	-1.6482	18.8095	0.12125
13.8333	-1.6394	18.8746	0.12148
13.9167	-1.6304	18.9398	0.1217
14	-1.6211	19.005	0.12191
14.0833	-1.6116	19.0701	0.12212
14.1667	-1.602	19.1351	0.12233
14.25	-1.5921	19.2	0.12253
14.3333	-1.5821	19.2648	0.12272
14.4167	-1.5719	19.3294	0.12291
14.5	-1.5615	19.3937	0.1231
14.5833	-1.551	19.4578	0.12328
14.6667	-1.5403	19.5217	0.12346
14.75	-1.5294	19.5853	0.12363
14.8333	-1.5185	19.6486	0.1238
14.9167	-1.5074	19.7117	0.12396
15	-1.4961	19.7744	0.12412
15.0833	-1.4848	19.8367	0.12428
15.1667	-1.4733	19.8987	0.12443
15.25	-1.4617	19.9603	0.12458
15.3333	-1.45	20.0215	0.12473
15.4167	-1.4382	20.0823	0.12487
15.5	-1.4263	20.1427	0.12501
15.5833	-1.4143	20.2026	0.12514
15.6667	-1.4022	20.2621	0.12528
15.75	-1.39	20.3211	0.12541
15.8333	-1.3777	20.3796	0.12554
15.9167	-1.3653	20.4376	0.12567
16	-1.3529	20.4951	0.12579
16.0833	-1.3403	20.5521	0.12591
16.1667	-1.3277	20.6085	0.12603
16.25	-1.3149	20.6644	0.12615
16.3333	-1.3021	20.7197	0.12627
16.4167	-1.2892	20.7745	0.12638
16.5	-1.2762	20.8287	0.1265
16.5833	-1.2631	20.8824	0.12661
16.6667	-1.2499	20.9355	0.12672
16.75	-1.2366	20.9881	0.12683
16.8333	-1.2233	21.04	0.12694
16.9167	-1.2098	21.0914	0.12704
17	-1.1962	21.1423	0.12715
17.0833	-1.1826	21.1925	0.12726
17.1667	-1.1688	21.2423	0.12736
17.25	-1.155	21.2914	0.12746
17.3333	-1.141	21.34	0.12756
17.4167	-1.127	21.388	0.12767
17.5	-1.1129	21.4354	0.12777
17.5833	-1.0986	21.4822	0.12787
17.6667	-1.0843	21.5285	0.12797
17.75	-1.0699	21.5742	0.12807
17.8333	-1.0553	21.6193	0.12816
17.9167	-1.0407	21.6638	0.12826
18	-1.026	21.7077	0.12836
18.0833	-1.0112	21.751	0.12845
18.1667	-0.9962	21.7937	0.12855
18.25	-0.9812	21.8358	0.12864
18.3333	-0.9661	21.8773	0.12874
18.4167	-0.9509	21.9182	0.12883
18.5	-0.9356	21.9585	0.12893
18.5833	-0.9202	21.9982	0.12902
18.6667	-0.9048	22.0374	0.12911
18.75	-0.8892	22.076	0.1292
18.8333	-0.8735	22.114	0.1293
18.9167	-0.8578	22.1514	0.12939
19	-0.8419	22.1883	0.12948
19.0833	-0.8419	22.1883	0.12948
