name = who
year = 2006
yname = hgt
sex = female
distribution = LMS
citation = WHO 2006
publication = WHO Multicentre Growth Reference Study Group (2006). WHO Child Growth Standards: Length/height-for-age, weight-for-age, weight-for-length, weight-for-height and body mass index-for-age: Methods and development. Geneva: World Health Organization; pp 312. (web site: http://www.who.int/childgrowth/publications/en/)
[data]
x	L	M	S
0	1	49.1477	0.0379
0.0027	1	49.3166	0.03783
0.0055	1	49.4854	0.03776
0.0082	1	49.6543	0.0377
0.011	1	49.8232	0.03763
0.0137	1	49.9921	0.03756
0.0164	1	50.1609	0.03749
0.0192	1	50.3298	0.03742
0.0219	1	50.4987	0.03735
0.0246	1	50.6676	0.03728
0.0274	1	50.8365	0.03722
0.0301	1	51.0053	0.03715
0.0329	1	51.1742	0.03708
0.0356	1	51.3431	0.03701
0.0383	1	51.512	0.03694
0.0411	1	51.651	0.0369
0.0438	1	51.7895	0.03687
0.0465	1	51.9272	0.03683
0.0493	1	52.0641	0.0368
0.052	1	52.2002	0.03676
0.0548	1	52.3353	0.03673
0.0575	1	52.4695	0.03669
0.0602	1	52.6027	0.03666
0.063	1	52.7349	0.03663
0.0657	1	52.8661	0.0366
0.0684	1	52.9963	0.03656
0.0712	1	53.1255	0.03653
0.0739	1	53.2537	0.0365
0.0767	1	53.3809	0.03647
0.0794	1	53.5072	0.03644
0.0821	1	53.6326	0.03641
0.0849	1	53.7571	0.03638
0.0876	1	53.8806	0.03636
0.0903	1	54.0031	0.03633
0.0931	1	54.1247	0.0363
0.0958	1	54.2454	0.03627
0.0986	1	54.3651	0.03625
0.1013	1	54.4839	0.03622
0.104	1	54.6018	0.03619
0.1068	1	54.7187	0.03617
0.1095	1	54.8348	0.03614
0.1123	1	54.9499	0.03612
0.115	1	55.0642	0.03609
0.1177	1	55.1777	0.03607
0.1205	1	55.2903	0.03604
0.1232	1	55.4021	0.03602
0.1259	1	55.513	0.036
0.1287	1	55.623	0.03597
0.1314	1	55.7322	0.03595
0.1342	1	55.8406	0.03593
0.1369	1	55.9482	0.03591
0.1396	1	56.0549	0.03588
0.1424	1	56.1609	0.03586
0.1451	1	56.266	0.03584
0.1478	1	56.3704	0.03582
0.1506	1	56.4739	0.0358
0.1533	1	56.5767	0.03578
0.1561	1	56.6788	0.03576
0.1588	1	56.78	0.03574
0.1615	1	56.8806	0.03572
0.1643	1	56.9805	0.0357
0.167	1	57.0796	0.03568
0.1697	1	57.1782	0.03566
0.1725	1	57.2761	0.03564
0.1752	1	57.3733	0.03562
0.178	1	57.4699	0.03561
0.1807	1	57.5659	0.03559
0.1834	1	57.6613	0.03557
0.1862	1	57.756	0.03555
0.1889	1	57.8501	0.03553
0.1916	1	57.9436	0.03552
0.1944	1	58.0365	0.0355
0.1971	1	58.1288	0.03548
0.1999	1	58.2206	0.03547
0.2026	1	58.3117	0.03545
0.2053	1	58.4022	0.03543
0.2081	1	58.4922	0.03542
0.2108	1	58.5816	0.0354
0.2136	1	58.6705	0.03539
0.2163	1	58.7588	0.03537
0.219	1	58.8465	0.03536
0.2218	1	58.9337	0.03534
0.2245	1	59.0204	0.03533
0.2272	1	59.1066	0.03531
0.23	1	59.1922	0.0353
0.2327	1	59.2773	0.03528
0.2355	1	59.3619	0.03527
0.2382	1	59.4459	0.03526
0.2409	1	59.5295	0.03524
0.2437	1	59.6126	0.03523
0.2464	1	59.6952	0.03521
0.2491	1	59.7773	0.0352
0.2519	1	59.8589	0.03519
0.2546	1	59.9401	0.03517
0.2574	1	60.0209	0.03516
0.2601	1	60.1011	0.03515
0.2628	1	60.181	0.03514
0.2656	1	60.2603	0.03512
0.2683	1	60.3393	0.03511
0.271	1	60.4178	0.0351
0.2738	1	60.4958	0.03509
0.2765	1	60.5734	0.03508
0.2793	1	60.6506	0.03506
0.282	1	60.7273	0.03505
0.2847	1	60.8036	0.03504
0.2875	1	60.8795	0.03503
0.2902	1	60.955	0.03502
0.293	1	61.0301	0.03501
0.2957	1	61.1047	0.035
0.2984	1	61.1789	0.03499
0.3012	1	61.2527	0.03497
0.3039	1	61.3261	0.03496
0.3066	1	61.3991	0.03495
0.3094	1	61.4717	0.03494
0.3121	1	61.5439	0.03493
0.3149	1	61.6156	0.03492
0.3176	1	61.687	0.03491
0.3203	1	61.758	0.0349
0.3231	1	61.8286	0.03489
0.3258	1	61.8988	0.03488
0.3285	1	61.9686	0.03487
0.3313	1	62.0381	0.03487
0.334	1	62.1071	0.03486
0.3368	1	62.1758	0.03485
0.3395	1	62.2441	0.03484
0.3422	1	62.312	0.03483
0.345	1	62.3795	0.03482
0.3477	1	62.4467	0.03481
0.3504	1	62.5135	0.0348
0.3532	1	62.58	0.03479
0.3559	1	62.6461	0.03479
0.3587	1	62.7118	0.03478
0.3614	1	62.7772	0.03477
0.3641	1	62.8423	0.03476
0.3669	1	62.907	0.03475
0.3696	1	62.9714	0.03475
0.3723	1	63.0354	0.03474
0.3751	1	63.0991	0.03473
0.3778	1	63.1626	0.03472
0.3806	1	63.2257	0.03471
0.3833	1	63.2884	0.03471
0.386	1	63.3509	0.0347
0.3888	1	63.4131	0.03469
0.3915	1	63.475	0.03469
0.3943	1	63.5365	0.03468
0.397	1	63.5978	0.03467
0.3997	1	63.6588	0.03467
0.4025	1	63.7196	0.03466
0.4052	1	63.78	0.03465
0.4079	1	63.8402	0.03465
0.4107	1	63.9	0.03464
0.4134	1	63.9597	0.03463
0.4162	1	64.019	0.03463
0.4189	1	64.0781	0.03462
0.4216	1	64.137	0.03461
0.4244	1	64.1956	0.03461
0.4271	1	64.2539	0.0346
0.4298	1	64.312	0.0346
0.4326	1	64.3699	0.03459
0.4353	1	64.4276	0.03459
0.4381	1	64.485	0.03458
0.4408	1	64.5422	0.03457
0.4435	1	64.5991	0.03457
0.4463	1	64.6559	0.03456
0.449	1	64.7124	0.03456
0.4517	1	64.7688	0.03455
0.4545	1	64.8249	0.03455
0.4572	1	64.8808	0.03454
0.46	1	64.9366	0.03454
0.4627	1	64.9921	0.03453
0.4654	1	65.0474	0.03453
0.4682	1	65.1026	0.03453
0.4709	1	65.1576	0.03452
0.4736	1	65.2123	0.03452
0.4764	1	65.267	0.03451
0.4791	1	65.3214	0.03451
0.4819	1	65.3757	0.0345
0.4846	1	65.4298	0.0345
0.4873	1	65.4837	0.0345
0.4901	1	65.5375	0.03449
0.4928	1	65.5911	0.03449
0.4956	1	65.6445	0.03449
0.4983	1	65.6978	0.03448
0.501	1	65.751	0.03448
0.5038	1	65.804	0.03447
0.5065	1	65.8568	0.03447
0.5092	1	65.9095	0.03447
0.512	1	65.9621	0.03447
0.5147	1	66.0145	0.03446
0.5175	1	66.0668	0.03446
0.5202	1	66.1189	0.03446
0.5229	1	66.1709	0.03445
0.5257	1	66.2228	0.03445
0.5284	1	66.2745	0.03445
0.5311	1	66.3261	0.03444
0.5339	1	66.3776	0.03444
0.5366	1	66.429	0.03444
0.5394	1	66.4802	0.03444
0.5421	1	66.5313	0.03444
0.5448	1	66.5823	0.03443
0.5476	1	66.6331	0.03443
0.5503	1	66.6839	0.03443
0.553	1	66.7345	0.03443
0.5558	1	66.785	0.03442
0.5585	1	66.8354	0.03442
0.5613	1	66.8857	0.03442
0.564	1	66.9359	0.03442
0.5667	1	66.9859	0.03442
0.5695	1	67.0359	0.03442
0.5722	1	67.0858	0.03441
0.5749	1	67.1355	0.03441
0.5777	1	67.1852	0.03441
0.5804	1	67.2347	0.03441
0.5832	1	67.2842	0.03441
0.5859	1	67.3335	0.03441
0.5886	1	67.3828	0.03441
0.5914	1	67.432	0.03441
0.5941	1	67.481	0.0344
0.5969	1	67.53	0.0344
0.5996	1	67.5789	0.0344
0.6023	1	67.6277	0.0344
0.6051	1	67.6764	0.0344
0.6078	1	67.725	0.0344
0.6105	1	67.7735	0.0344
0.6133	1	67.8219	0.0344
0.616	1	67.8703	0.0344
0.6188	1	67.9185	0.0344
0.6215	1	67.9667	0.0344
0.6242	1	68.0148	0.0344
0.627	1	68.0628	0.0344
0.6297	1	68.1107	0.0344
0.6324	1	68.1585	0.0344
0.6352	1	68.2063	0.0344
0.6379	1	68.254	0.0344
0.6407	1	68.3016	0.0344
0.6434	1	68.3491	0.0344
0.6461	1	68.3965	0.0344
0.6489	1	68.4439	0.0344
0.6516	1	68.4911	0.0344
0.6543	1	68.5383	0.0344
0.6571	1	68.5855	0.0344
0.6598	1	68.6325	0.0344
0.6626	1	68.6795	0.0344
0.6653	1	68.7264	0.0344
0.668	1	68.7732	0.0344
0.6708	1	68.82	0.0344
0.6735	1	68.8666	0.0344
0.6762	1	68.9133	0.0344
0.679	1	68.9598	0.0344
0.6817	1	69.0063	0.0344
0.6845	1	69.0527	0.0344
0.6872	1	69.099	0.03441
0.6899	1	69.1452	0.03441
0.6927	1	69.1914	0.03441
0.6954	1	69.2376	0.03441
0.6982	1	69.2836	0.03441
0.7009	1	69.3296	0.03441
0.7036	1	69.3755	0.03441
0.7064	1	69.4214	0.03441
0.7091	1	69.4672	0.03441
0.7118	1	69.5129	0.03442
0.7146	1	69.5585	0.03442
0.7173	1	69.6041	0.03442
0.7201	1	69.6496	0.03442
0.7228	1	69.6951	0.03442
0.7255	1	69.7405	0.03442
0.7283	1	69.7858	0.03443
0.731	1	69.8311	0.03443
0.7337	1	69.8763	0.03443
0.7365	1	69.9215	0.03443
0.7392	1	69.9666	0.03443
0.742	1	70.0116	0.03444
0.7447	1	70.0566	0.03444
0.7474	1	70.1015	0.03444
0.7502	1	70.1463	0.03444
0.7529	1	70.1911	0.03444
0.7556	1	70.2358	0.03445
0.7584	1	70.2805	0.03445
0.7611	1	70.3251	0.03445
0.7639	1	70.3697	0.03445
0.7666	1	70.4142	0.03445
0.7693	1	70.4586	0.03446
0.7721	1	70.503	0.03446
0.7748	1	70.5474	0.03446
0.7775	1	70.5917	0.03446
0.7803	1	70.6359	0.03447
0.783	1	70.68	0.03447
0.7858	1	70.7241	0.03447
0.7885	1	70.7682	0.03448
0.7912	1	70.8122	0.03448
0.794	1	70.8561	0.03448
0.7967	1	70.9	0.03448
0.7995	1	70.9439	0.03449
0.8022	1	70.9876	0.03449
0.8049	1	71.0314	0.03449
0.8077	1	71.075	0.0345
0.8104	1	71.1187	0.0345
0.8131	1	71.1622	0.0345
0.8159	1	71.2057	0.0345
0.8186	1	71.2492	0.03451
0.8214	1	71.2926	0.03451
0.8241	1	71.3359	0.03451
0.8268	1	71.3792	0.03452
0.8296	1	71.4224	0.03452
0.8323	1	71.4656	0.03452
0.835	1	71.5088	0.03453
0.8378	1	71.5518	0.03453
0.8405	1	71.5949	0.03453
0.8433	1	71.6378	0.03454
0.846	1	71.6808	0.03454
0.8487	1	71.7236	0.03454
0.8515	1	71.7664	0.03455
0.8542	1	71.8092	0.03455
0.8569	1	71.8519	0.03456
0.8597	1	71.8946	0.03456
0.8624	1	71.9372	0.03456
0.8652	1	71.9798	0.03457
0.8679	1	72.0223	0.03457
0.8706	1	72.0647	0.03457
0.8734	1	72.1071	0.03458
0.8761	1	72.1495	0.03458
0.8789	1	72.1918	0.03459
0.8816	1	72.234	0.03459
0.8843	1	72.2762	0.03459
0.8871	1	72.3184	0.0346
0.8898	1	72.3605	0.0346
0.8925	1	72.4025	0.03461
0.8953	1	72.4445	0.03461
0.898	1	72.4865	0.03461
0.9008	1	72.5284	0.03462
0.9035	1	72.5702	0.03462
0.9062	1	72.612	0.03463
0.909	1	72.6538	0.03463
0.9117	1	72.6955	0.03464
0.9144	1	72.7372	0.03464
0.9172	1	72.7788	0.03464
0.9199	1	72.8203	0.03465
0.9227	1	72.8618	0.03465
0.9254	1	72.9033	0.03466
0.9281	1	72.9447	0.03466
0.9309	1	72.9861	0.03467
0.9336	1	73.0274	0.03467
0.9363	1	73.0686	0.03468
0.9391	1	73.1099	0.03468
0.9418	1	73.151	0.03469
0.9446	1	73.1922	0.03469
0.9473	1	73.2332	0.03469
0.95	1	73.2743	0.0347
0.9528	1	73.3152	0.0347
0.9555	1	73.3562	0.03471
0.9582	1	73.3971	0.03471
0.961	1	73.4379	0.03472
0.9637	1	73.4787	0.03472
0.9665	1	73.5195	0.03473
0.9692	1	73.5602	0.03473
0.9719	1	73.6008	0.03474
0.9747	1	73.6414	0.03474
0.9774	1	73.682	0.03475
0.9802	1	73.7225	0.03475
0.9829	1	73.763	0.03476
0.9856	1	73.8034	0.03476
0.9884	1	73.8438	0.03477
0.9911	1	73.8842	0.03477
0.9938	1	73.9245	0.03478
0.9966	1	73.9647	0.03478
0.9993	1	74.0049	0.03479
1.0021	1	74.0451	0.03479
1.0048	1	74.0852	0.0348
1.0075	1	74.1253	0.0348
1.0103	1	74.1653	0.03481
1.013	1	74.2053	0.03482
1.0157	1	74.2452	0.03482
1.0185	1	74.2851	0.03483
1.0212	1	74.325	0.03483
1.024	1	74.3648	0.03484
1.0267	1	74.4045	0.03484
1.0294	1	74.4443	0.03485
1.0322	1	74.4839	0.03485
1.0349	1	74.5236	0.03486
1.0376	1	74.5632	0.03486
1.0404	1	74.6027	0.03487
1.0431	1	74.6422	0.03488
1.0459	1	74.6817	0.03488
1.0486	1	74.7211	0.03489
1.0513	1	74.7605	0.03489
1.0541	1	74.7998	0.0349
1.0568	1	74.8391	0.0349
1.0595	1	74.8784	0.03491
1.0623	1	74.9176	0.03491
1.065	1	74.9567	0.03492
1.0678	1	74.9959	0.03493
1.0705	1	75.0349	0.03493
1.0732	1	75.074	0.03494
1.076	1	75.113	0.03494
1.0787	1	75.1519	0.03495
1.0815	1	75.1908	0.03495
1.0842	1	75.2297	0.03496
1.0869	1	75.2686	0.03497
1.0897	1	75.3073	0.03497
1.0924	1	75.3461	0.03498
1.0951	1	75.3848	0.03498
1.0979	1	75.4235	0.03499
1.1006	1	75.4621	0.035
1.1034	1	75.5007	0.035
1.1061	1	75.5392	0.03501
1.1088	1	75.5777	0.03501
1.1116	1	75.6162	0.03502
1.1143	1	75.6546	0.03503
1.117	1	75.693	0.03503
1.1198	1	75.7313	0.03504
1.1225	1	75.7696	0.03504
1.1253	1	75.8079	0.03505
1.128	1	75.8461	0.03506
1.1307	1	75.8843	0.03506
1.1335	1	75.9224	0.03507
1.1362	1	75.9605	0.03507
1.1389	1	75.9986	0.03508
1.1417	1	76.0366	0.03509
1.1444	1	76.0746	0.03509
1.1472	1	76.1125	0.0351
1.1499	1	76.1504	0.03511
1.1526	1	76.1883	0.03511
1.1554	1	76.2261	0.03512
1.1581	1	76.2639	0.03512
1.1608	1	76.3016	0.03513
1.1636	1	76.3393	0.03514
1.1663	1	76.377	0.03514
1.1691	1	76.4146	0.03515
1.1718	1	76.4522	0.03516
1.1745	1	76.4897	0.03516
1.1773	1	76.5272	0.03517
1.18	1	76.5647	0.03518
1.1828	1	76.6021	0.03518
1.1855	1	76.6395	0.03519
1.1882	1	76.6769	0.03519
1.191	1	76.7142	0.0352
1.1937	1	76.7515	0.03521
1.1964	1	76.7887	0.03521
1.1992	1	76.8259	0.03522
1.2019	1	76.8631	0.03523
1.2047	1	76.9002	0.03523
1.2074	1	76.9373	0.03524
1.2101	1	76.9744	0.03525
1.2129	1	77.0114	0.03525
1.2156	1	77.0484	0.03526
1.2183	1	77.0853	0.03527
1.2211	1	77.1222	0.03527
1.2238	1	77.1591	0.03528
1.2266	1	77.1959	0.03529
1.2293	1	77.2327	0.03529
1.232	1	77.2695	0.0353
1.2348	1	77.3062	0.0353
1.2375	1	77.3429	0.03531
1.2402	1	77.3796	0.03532
1.243	1	77.4162	0.03532
1.2457	1	77.4528	0.03533
1.2485	1	77.4893	0.03534
1.2512	1	77.5258	0.03534
1.2539	1	77.5623	0.03535
1.2567	1	77.5988	0.03536
1.2594	1	77.6352	0.03536
1.2621	1	77.6716	0.03537
1.2649	1	77.7079	0.03538
1.2676	1	77.7442	0.03538
1.2704	1	77.7805	0.03539
1.2731	1	77.8167	0.0354
1.2758	1	77.8529	0.0354
1.2786	1	77.8891	0.03541
1.2813	1	77.9252	0.03542
1.2841	1	77.9613	0.03543
1.2868	1	77.9974	0.03543
1.2895	1	78.0334	0.03544
1.2923	1	78.0694	0.03545
1.295	1	78.1054	0.03545
1.2977	1	78.1413	0.03546
1.3005	1	78.1772	0.03547
1.3032	1	78.2131	0.03547
1.306	1	78.249	0.03548
1.3087	1	78.2848	0.03549
1.3114	1	78.3205	0.03549
1.3142	1	78.3563	0.0355
1.3169	1	78.392	0.03551
1.3196	1	78.4276	0.03551
1.3224	1	78.4633	0.03552
1.3251	1	78.4989	0.03553
1.3279	1	78.5345	0.03553
1.3306	1	78.57	0.03554
1.3333	1	78.6055	0.03555
1.3361	1	78.641	0.03556
1.3388	1	78.6764	0.03556
1.3415	1	78.7118	0.03557
1.3443	1	78.7472	0.03558
1.347	1	78.7826	0.03558
1.3498	1	78.8179	0.03559
1.3525	1	78.8532	0.0356
1.3552	1	78.8884	0.0356
1.358	1	78.9236	0.03561
1.3607	1	78.9588	0.03562
1.3634	1	78.994	0.03562
1.3662	1	79.0291	0.03563
1.3689	1	79.0642	0.03564
1.3717	1	79.0993	0.03565
1.3744	1	79.1343	0.03565
1.3771	1	79.1693	0.03566
1.3799	1	79.2042	0.03567
1.3826	1	79.2392	0.03567
1.3854	1	79.2741	0.03568
1.3881	1	79.3089	0.03569
1.3908	1	79.3438	0.03569
1.3936	1	79.3786	0.0357
1.3963	1	79.4134	0.03571
1.399	1	79.4481	0.03572
1.4018	1	79.4828	0.03572
1.4045	1	79.5175	0.03573
1.4073	1	79.5521	0.03574
1.41	1	79.5868	0.03574
1.4127	1	79.6213	0.03575
1.4155	1	79.6559	0.03576
1.4182	1	79.6904	0.03577
1.4209	1	79.7249	0.03577
1.4237	1	79.7594	0.03578
1.4264	1	79.7938	0.03579
1.4292	1	79.8282	0.03579
1.4319	1	79.8626	0.0358
1.4346	1	79.8969	0.03581
1.4374	1	79.9312	0.03582
1.4401	1	79.9655	0.03582
1.4428	1	79.9998	0.03583
1.4456	1	80.034	0.03584
1.4483	1	80.0682	0.03584
1.4511	1	80.1023	0.03585
1.4538	1	80.1365	0.03586
1.4565	1	80.1706	0.03587
1.4593	1	80.2046	0.03587
1.462	1	80.2387	0.03588
1.4648	1	80.2727	0.03589
1.4675	1	80.3067	0.03589
1.4702	1	80.3406	0.0359
1.473	1	80.3745	0.03591
1.4757	1	80.4084	0.03592
1.4784	1	80.4423	0.03592
1.4812	1	80.4761	0.03593
1.4839	1	80.5099	0.03594
1.4867	1	80.5437	0.03594
1.4894	1	80.5774	0.03595
1.4921	1	80.6112	0.03596
1.4949	1	80.6448	0.03597
1.4976	1	80.6785	0.03597
1.5003	1	80.7121	0.03598
1.5031	1	80.7457	0.03599
1.5058	1	80.7793	0.036
1.5086	1	80.8128	0.036
1.5113	1	80.8464	0.03601
1.514	1	80.8798	0.03602
1.5168	1	80.9133	0.03602
1.5195	1	80.9467	0.03603
1.5222	1	80.9801	0.03604
1.525	1	81.0135	0.03605
1.5277	1	81.0468	0.03605
1.5305	1	81.0802	0.03606
1.5332	1	81.1134	0.03607
1.5359	1	81.1467	0.03608
1.5387	1	81.1799	0.03608
1.5414	1	81.2131	0.03609
1.5441	1	81.2463	0.0361
1.5469	1	81.2795	0.03611
1.5496	1	81.3126	0.03611
1.5524	1	81.3457	0.03612
1.5551	1	81.3788	0.03613
1.5578	1	81.4118	0.03613
1.5606	1	81.4448	0.03614
1.5633	1	81.4778	0.03615
1.5661	1	81.5108	0.03616
1.5688	1	81.5437	0.03616
1.5715	1	81.5766	0.03617
1.5743	1	81.6095	0.03618
1.577	1	81.6423	0.03619
1.5797	1	81.6752	0.03619
1.5825	1	81.708	0.0362
1.5852	1	81.7407	0.03621
1.588	1	81.7735	0.03622
1.5907	1	81.8062	0.03622
1.5934	1	81.8389	0.03623
1.5962	1	81.8715	0.03624
1.5989	1	81.9042	0.03624
1.6016	1	81.9368	0.03625
1.6044	1	81.9694	0.03626
1.6071	1	82.0019	0.03627
1.6099	1	82.0345	0.03627
1.6126	1	82.067	0.03628
1.6153	1	82.0994	0.03629
1.6181	1	82.1319	0.0363
1.6208	1	82.1643	0.0363
1.6235	1	82.1967	0.03631
1.6263	1	82.2291	0.03632
1.629	1	82.2614	0.03633
1.6318	1	82.2938	0.03633
1.6345	1	82.3261	0.03634
1.6372	1	82.3583	0.03635
1.64	1	82.3906	0.03636
1.6427	1	82.4228	0.03636
1.6454	1	82.455	0.03637
1.6482	1	82.4872	0.03638
1.6509	1	82.5193	0.03639
1.6537	1	82.5514	0.03639
1.6564	1	82.5835	0.0364
1.6591	1	82.6156	0.03641
1.6619	1	82.6476	0.03642
1.6646	1	82.6796	0.03642
1.6674	1	82.7116	0.03643
1.6701	1	82.7436	0.03644
1.6728	1	82.7755	0.03645
1.6756	1	82.8074	0.03645
1.6783	1	82.8393	0.03646
1.681	1	82.8712	0.03647
1.6838	1	82.903	0.03648
1.6865	1	82.9348	0.03648
1.6893	1	82.9666	0.03649
1.692	1	82.9984	0.0365
1.6947	1	83.0301	0.0365
1.6975	1	83.0618	0.03651
1.7002	1	83.0935	0.03652
1.7029	1	83.1251	0.03653
1.7057	1	83.1568	0.03653
1.7084	1	83.1884	0.03654
1.7112	1	83.22	0.03655
1.7139	1	83.2515	0.03656
1.7166	1	83.2831	0.03656
1.7194	1	83.3146	0.03657
1.7221	1	83.3461	0.03658
1.7248	1	83.3775	0.03659
1.7276	1	83.4089	0.03659
1.7303	1	83.4403	0.0366
1.7331	1	83.4717	0.03661
1.7358	1	83.5031	0.03662
1.7385	1	83.5344	0.03662
1.7413	1	83.5657	0.03663
1.744	1	83.597	0.03664
1.7467	1	83.6283	0.03665
1.7495	1	83.6595	0.03665
1.7522	1	83.6907	0.03666
1.755	1	83.7219	0.03667
1.7577	1	83.753	0.03668
1.7604	1	83.7842	0.03668
1.7632	1	83.8153	0.03669
1.7659	1	83.8464	0.0367
1.7687	1	83.8774	0.03671
1.7714	1	83.9085	0.03671
1.7741	1	83.9395	0.03672
1.7769	1	83.9705	0.03673
1.7796	1	84.0014	0.03674
1.7823	1	84.0324	0.03674
1.7851	1	84.0633	0.03675
1.7878	1	84.0941	0.03676
1.7906	1	84.125	0.03677
1.7933	1	84.1558	0.03677
1.796	1	84.1867	0.03678
1.7988	1	84.2174	0.03679
1.8015	1	84.2482	0.0368
1.8042	1	84.2789	0.0368
1.807	1	84.3096	0.03681
1.8097	1	84.3403	0.03682
1.8125	1	84.371	0.03683
1.8152	1	84.4016	0.03683
1.8179	1	84.4323	0.03684
1.8207	1	84.4628	0.03685
1.8234	1	84.4934	0.03686
1.8261	1	84.5239	0.03686
1.8289	1	84.5545	0.03687
1.8316	1	84.585	0.03688
1.8344	1	84.6154	0.03689
1.8371	1	84.6459	0.03689
1.8398	1	84.6763	0.0369
1.8426	1	84.7067	0.03691
1.8453	1	84.737	0.03692
1.848	1	84.7674	0.03692
1.8508	1	84.7977	0.03693
1.8535	1	84.828	0.03694
1.8563	1	84.8583	0.03695
1.859	1	84.8885	0.03695
1.8617	1	84.9188	0.03696
1.8645	1	84.949	0.03697
1.8672	1	84.9791	0.03698
1.87	1	85.0093	0.03698
1.8727	1	85.0394	0.03699
1.8754	1	85.0695	0.037
1.8782	1	85.0996	0.03701
1.8809	1	85.1297	0.03701
1.8836	1	85.1597	0.03702
1.8864	1	85.1897	0.03703
1.8891	1	85.2197	0.03704
1.8919	1	85.2497	0.03704
1.8946	1	85.2796	0.03705
1.8973	1	85.3096	0.03706
1.9001	1	85.3395	0.03706
1.9028	1	85.3693	0.03707
1.9055	1	85.3992	0.03708
1.9083	1	85.429	0.03709
1.911	1	85.4588	0.03709
1.9138	1	85.4886	0.0371
1.9165	1	85.5184	0.03711
1.9192	1	85.5481	0.03712
1.922	1	85.5778	0.03712
1.9247	1	85.6075	0.03713
1.9274	1	85.637200000000007	0.03714
1.9302	1	85.6668	0.03715
1.9329	1	85.6964	0.03715
1.9357	1	85.726	0.03716
1.9384	1	85.7556	0.03717
1.9411	1	85.7852	0.03718
1.9439	1	85.8147	0.03718
1.9466	1	85.8442	0.03719
1.9493	1	85.8737	0.0372
1.9521	1	85.9032	0.03721
1.9548	1	85.9326	0.03721
1.9576	1	85.9621	0.03722
1.9603	1	85.9915	0.03723
1.963	1	86.0208	0.03724
1.9658	1	86.0502	0.03724
1.9685	1	86.0795	0.03725
1.9713	1	86.1089	0.03726
1.974	1	86.1381	0.03727
1.9767	1	86.1674	0.03727
1.9795	1	86.1967	0.03728
1.9822	1	86.2259	0.03729
1.9849	1	86.2551	0.03729
1.9877	1	86.2843	0.0373
1.9904	1	86.3134	0.03731
1.9932	1	86.3426	0.03732
1.9959	1	86.3717	0.03732
1.9986	1	86.4008	0.03733
2.0014	1	85.7299	0.03764
2.0041	1	85.7589	0.03765
2.0068	1	85.788	0.03766
2.0096	1	85.817	0.03767
2.0123	1	85.846	0.03767
2.0151	1	85.8749	0.03768
2.0178	1	85.9039	0.03769
2.0205	1	85.9328	0.0377
2.0233	1	85.9617	0.0377
2.026	1	85.9906	0.03771
2.0287	1	86.0194	0.03772
2.0315	1	86.0483	0.03772
2.0342	1	86.0771	0.03773
2.037	1	86.1059	0.03774
2.0397	1	86.1347	0.03775
2.0424	1	86.1634	0.03775
2.0452	1	86.1921	0.03776
2.0479	1	86.2209	0.03777
2.0507	1	86.2495	0.03778
2.0534	1	86.2782	0.03778
2.0561	1	86.3069	0.03779
2.0589	1	86.3355	0.0378
2.0616	1	86.3641	0.0378
2.0643	1	86.3927	0.03781
2.0671	1	86.4212	0.03782
2.0698	1	86.4498	0.03783
2.0726	1	86.4783	0.03783
2.0753	1	86.5068	0.03784
2.078	1	86.5353	0.03785
2.0808	1	86.5638	0.03786
2.0835	1	86.5922	0.03786
2.0862	1	86.6206	0.03787
2.089	1	86.649	0.03788
2.0917	1	86.6774	0.03788
2.0945	1	86.7057	0.03789
2.0972	1	86.7341	0.0379
2.0999	1	86.7624	0.03791
2.1027	1	86.7907	0.03791
2.1054	1	86.819	0.03792
2.1081	1	86.8472	0.03793
2.1109	1	86.8754	0.03794
2.1136	1	86.9037	0.03794
2.1164	1	86.9319	0.03795
2.1191	1	86.96	0.03796
2.1218	1	86.9882	0.03796
2.1246	1	87.0163	0.03797
2.1273	1	87.0444	0.03798
2.13	1	87.0725	0.03799
2.1328	1	87.1006	0.03799
2.1355	1	87.1286	0.038
2.1383	1	87.1567	0.03801
2.141	1	87.1847	0.03801
2.1437	1	87.2126	0.03802
2.1465	1	87.2406	0.03803
2.1492	1	87.2686	0.03804
2.152	1	87.2965	0.03804
2.1547	1	87.3244	0.03805
2.1574	1	87.3523	0.03806
2.1602	1	87.3801	0.03806
2.1629	1	87.408	0.03807
2.1656	1	87.4358	0.03808
2.1684	1	87.4636	0.03809
2.1711	1	87.4914	0.03809
2.1739	1	87.5192	0.0381
2.1766	1	87.5469	0.03811
2.1793	1	87.5746	0.03812
2.1821	1	87.6023	0.03812
2.1848	1	87.63	0.03813
2.1875	1	87.6577	0.03814
2.1903	1	87.6853	0.03814
2.193	1	87.7129	0.03815
2.1958	1	87.7405	0.03816
2.1985	1	87.7681	0.03817
2.2012	1	87.7956	0.03817
2.204	1	87.8232	0.03818
2.2067	1	87.8507	0.03819
2.2094	1	87.8782	0.03819
2.2122	1	87.9056	0.0382
2.2149	1	87.9331	0.03821
2.2177	1	87.9605	0.03821
2.2204	1	87.9879	0.03822
2.2231	1	88.0153	0.03823
2.2259	1	88.0427	0.03824
2.2286	1	88.07	0.03824
2.2313	1	88.0974	0.03825
2.2341	1	88.1247	0.03826
2.2368	1	88.1519	0.03826
2.2396	1	88.1792	0.03827
2.2423	1	88.2065	0.03828
2.245	1	88.2337	0.03829
2.2478	1	88.2609	0.03829
2.2505	1	88.2881	0.0383
2.2533	1	88.3152	0.03831
2.256	1	88.3423	0.03831
2.2587	1	88.3695	0.03832
2.2615	1	88.3966	0.03833
2.2642	1	88.4236	0.03834
2.2669	1	88.4507	0.03834
2.2697	1	88.4777	0.03835
2.2724	1	88.5047	0.03836
2.2752	1	88.5317	0.03836
2.2779	1	88.5587	0.03837
2.2806	1	88.5856	0.03838
2.2834	1	88.6126	0.03838
2.2861	1	88.6395	0.03839
2.2888	1	88.6664	0.0384
2.2916	1	88.6932	0.03841
2.2943	1	88.7201	0.03841
2.2971	1	88.7469	0.03842
2.2998	1	88.7737	0.03843
2.3025	1	88.8005	0.03843
2.3053	1	88.8273	0.03844
2.308	1	88.854	0.03845
2.3107	1	88.8807	0.03845
2.3135	1	88.9074	0.03846
2.3162	1	88.9341	0.03847
2.319	1	88.9608	0.03848
2.3217	1	88.9874	0.03848
2.3244	1	89.014	0.03849
2.3272	1	89.0406	0.0385
2.3299	1	89.0672	0.0385
2.3326	1	89.0938	0.03851
2.3354	1	89.1203	0.03852
2.3381	1	89.1468	0.03852
2.3409	1	89.1733	0.03853
2.3436	1	89.1998	0.03854
2.3463	1	89.2263	0.03855
2.3491	1	89.2527	0.03855
2.3518	1	89.2791	0.03856
2.3546	1	89.3055	0.03857
2.3573	1	89.3319	0.03857
2.36	1	89.3583	0.03858
2.3628	1	89.3846	0.03859
2.3655	1	89.4109	0.03859
2.3682	1	89.4372	0.0386
2.371	1	89.4635	0.03861
2.3737	1	89.4898	0.03861
2.3765	1	89.516	0.03862
2.3792	1	89.5422	0.03863
2.3819	1	89.5684	0.03864
2.3847	1	89.5946	0.03864
2.3874	1	89.6208	0.03865
2.3901	1	89.6469	0.03866
2.3929	1	89.673	0.03866
2.3956	1	89.6991	0.03867
2.3984	1	89.7252	0.03868
2.4011	1	89.7513	0.03868
2.4038	1	89.7773	0.03869
2.4066	1	89.8033	0.0387
2.4093	1	89.8293	0.0387
2.412	1	89.8553	0.03871
2.4148	1	89.8813	0.03872
2.4175	1	89.9072	0.03872
2.4203	1	89.9331	0.03873
2.423	1	89.9591	0.03874
2.4257	1	89.9849	0.03874
2.4285	1	90.0108	0.03875
2.4312	1	90.0366	0.03876
2.4339	1	90.0625	0.03877
2.4367	1	90.0883	0.03877
2.4394	1	90.1141	0.03878
2.4422	1	90.1398	0.03879
2.4449	1	90.1656	0.03879
2.4476	1	90.1913	0.0388
2.4504	1	90.217	0.03881
2.4531	1	90.2427	0.03881
2.4559	1	90.2684	0.03882
2.4586	1	90.294	0.03883
2.4613	1	90.3197	0.03883
2.4641	1	90.3453	0.03884
2.4668	1	90.3709	0.03885
2.4695	1	90.3965	0.03885
2.4723	1	90.422	0.03886
2.475	1	90.4476	0.03887
2.4778	1	90.4731	0.03887
2.4805	1	90.4986	0.03888
2.4832	1	90.524	0.03889
2.486	1	90.5495	0.03889
2.4887	1	90.575	0.0389
2.4914	1	90.6004	0.03891
2.4942	1	90.6258	0.03891
2.4969	1	90.6512	0.03892
2.4997	1	90.6765	0.03893
2.5024	1	90.7019	0.03893
2.5051	1	90.7272	0.03894
2.5079	1	90.7525	0.03895
2.5106	1	90.7778	0.03895
2.5133	1	90.8031	0.03896
2.5161	1	90.8283	0.03897
2.5188	1	90.8536	0.03897
2.5216	1	90.8788	0.03898
2.5243	1	90.904	0.03899
2.527	1	90.9292	0.03899
2.5298	1	90.9544	0.039
2.5325	1	90.9795	0.03901
2.5352	1	91.0046	0.03901
2.538	1	91.0297	0.03902
2.5407	1	91.0548	0.03903
2.5435	1	91.0799	0.03903
2.5462	1	91.105	0.03904
2.5489	1	91.13	0.03905
2.5517	1	91.155	0.03905
2.5544	1	91.18	0.03906
2.5572	1	91.205	0.03907
2.5599	1	91.23	0.03907
2.5626	1	91.2549	0.03908
2.5654	1	91.2799	0.03909
2.5681	1	91.3048	0.03909
2.5708	1	91.3297	0.0391
2.5736	1	91.3545	0.03911
2.5763	1	91.3794	0.03911
2.5791	1	91.4043	0.03912
2.5818	1	91.4291	0.03913
2.5845	1	91.4539	0.03913
2.5873	1	91.4787	0.03914
2.59	1	91.5035	0.03915
2.5927	1	91.5282	0.03915
2.5955	1	91.553	0.03916
2.5982	1	91.5777	0.03917
2.601	1	91.6024	0.03917
2.6037	1	91.6271	0.03918
2.6064	1	91.6518	0.03918
2.6092	1	91.6764	0.03919
2.6119	1	91.7011	0.0392
2.6146	1	91.7257	0.0392
2.6174	1	91.7503	0.03921
2.6201	1	91.7749	0.03922
2.6229	1	91.7995	0.03922
2.6256	1	91.8241	0.03923
2.6283	1	91.8486	0.03924
2.6311	1	91.8731	0.03924
2.6338	1	91.8976	0.03925
2.6366	1	91.9221	0.03926
2.6393	1	91.9466	0.03926
2.642	1	91.9711	0.03927
2.6448	1	91.9955	0.03928
2.6475	1	92.02	0.03928
2.6502	1	92.0444	0.03929
2.653	1	92.0688	0.03929
2.6557	1	92.0932	0.0393
2.6585	1	92.1175	0.03931
2.6612	1	92.1419	0.03931
2.6639	1	92.1662	0.03932
2.6667	1	92.1906	0.03933
2.6694	1	92.2149	0.03933
2.6721	1	92.2392	0.03934
2.6749	1	92.2635	0.03935
2.6776	1	92.2877	0.03935
2.6804	1	92.312	0.03936
2.6831	1	92.3362	0.03936
2.6858	1	92.3604	0.03937
2.6886	1	92.3846	0.03938
2.6913	1	92.4088	0.03938
2.694	1	92.433	0.03939
2.6968	1	92.4572	0.0394
2.6995	1	92.4813	0.0394
2.7023	1	92.5054	0.03941
2.705	1	92.5295	0.03942
2.7077	1	92.5536	0.03942
2.7105	1	92.5777	0.03943
2.7132	1	92.6018	0.03943
2.7159	1	92.6259	0.03944
2.7187	1	92.6499	0.03945
2.7214	1	92.6739	0.03945
2.7242	1	92.698	0.03946
2.7269	1	92.722	0.03947
2.7296	1	92.7459	0.03947
2.7324	1	92.7699	0.03948
2.7351	1	92.7939	0.03948
2.7379	1	92.8178	0.03949
2.7406	1	92.8418	0.0395
2.7433	1	92.8657	0.0395
2.7461	1	92.8896	0.03951
2.7488	1	92.9135	0.03952
2.7515	1	92.9373	0.03952
2.7543	1	92.9612	0.03953
2.757	1	92.985	0.03953
2.7598	1	93.0089	0.03954
2.7625	1	93.0327	0.03955
2.7652	1	93.0565	0.03955
2.768	1	93.0803	0.03956
2.7707	1	93.1041	0.03957
2.7734	1	93.1278	0.03957
2.7762	1	93.1516	0.03958
2.7789	1	93.1753	0.03958
2.7817	1	93.1991	0.03959
2.7844	1	93.2228	0.0396
2.7871	1	93.2465	0.0396
2.7899	1	93.2702	0.03961
2.7926	1	93.2938	0.03961
2.7953	1	93.3175	0.03962
2.7981	1	93.3411	0.03963
2.8008	1	93.3648	0.03963
2.8036	1	93.3884	0.03964
2.8063	1	93.412	0.03964
2.809	1	93.4356	0.03965
2.8118	1	93.4592	0.03966
2.8145	1	93.4827	0.03966
2.8172	1	93.5063	0.03967
2.82	1	93.5298	0.03968
2.8227	1	93.5534	0.03968
2.8255	1	93.5769	0.03969
2.8282	1	93.6004	0.03969
2.8309	1	93.6239	0.0397
2.8337	1	93.6473	0.03971
2.8364	1	93.6708	0.03971
2.8392	1	93.6943	0.03972
2.8419	1	93.7177	0.03972
2.8446	1	93.7411	0.03973
2.8474	1	93.7646	0.03974
2.8501	1	93.788	0.03974
2.8528	1	93.8113	0.03975
2.8556	1	93.8347	0.03975
2.8583	1	93.8581	0.03976
2.8611	1	93.8814	0.03977
2.8638	1	93.9048	0.03977
2.8665	1	93.9281	0.03978
2.8693	1	93.9514	0.03978
2.872	1	93.9747	0.03979
2.8747	1	93.998	0.0398
2.8775	1	94.0213	0.0398
2.8802	1	94.0446	0.03981
2.883	1	94.0678	0.03981
2.8857	1	94.0911	0.03982
2.8884	1	94.1143	0.03983
2.8912	1	94.1376	0.03983
2.8939	1	94.1608	0.03984
2.8966	1	94.184	0.03984
2.8994	1	94.2071	0.03985
2.9021	1	94.2303	0.03986
2.9049	1	94.2535	0.03986
2.9076	1	94.2766	0.03987
2.9103	1	94.2998	0.03987
2.9131	1	94.3229	0.03988
2.9158	1	94.346	0.03989
2.9185	1	94.3691	0.03989
2.9213	1	94.3922	0.0399
2.924	1	94.4153	0.0399
2.9268	1	94.4384	0.03991
2.9295	1	94.4615	0.03991
2.9322	1	94.4845	0.03992
2.935	1	94.5075	0.03993
2.9377	1	94.5306	0.03993
2.9405	1	94.5536	0.03994
2.9432	1	94.5766	0.03994
2.9459	1	94.5996	0.03995
2.9487	1	94.6226	0.03996
2.9514	1	94.6455	0.03996
2.9541	1	94.6685	0.03997
2.9569	1	94.6914	0.03997
2.9596	1	94.7144	0.03998
2.9624	1	94.7373	0.03999
2.9651	1	94.7602	0.03999
2.9678	1	94.7831	0.04
2.9706	1	94.806	0.04
2.9733	1	94.8289	0.04001
2.976	1	94.8518	0.04001
2.9788	1	94.8747	0.04002
2.9815	1	94.8975	0.04003
2.9843	1	94.9203	0.04003
2.987	1	94.9432	0.04004
2.9897	1	94.966	0.04004
2.9925	1	94.9888	0.04005
2.9952	1	95.0116	0.04005
2.9979	1	95.0344	0.04006
3.0007	1	95.0572	0.04007
3.0034	1	95.0799	0.04007
3.0062	1	95.1027	0.04008
3.0089	1	95.1254	0.04008
3.0116	1	95.1482	0.04009
3.0144	1	95.1709	0.04009
3.0171	1	95.1936	0.0401
3.0198	1	95.2163	0.04011
3.0226	1	95.239	0.04011
3.0253	1	95.2617	0.04012
3.0281	1	95.2844	0.04012
3.0308	1	95.307	0.04013
3.0335	1	95.3297	0.04013
3.0363	1	95.3523	0.04014
3.039	1	95.375	0.04015
3.0418	1	95.3976	0.04015
3.0445	1	95.4202	0.04016
3.0472	1	95.4428	0.04016
3.05	1	95.4654	0.04017
3.0527	1	95.488	0.04017
3.0554	1	95.5105	0.04018
3.0582	1	95.5331	0.04019
3.0609	1	95.5556	0.04019
3.0637	1	95.5782	0.0402
3.0664	1	95.6007	0.0402
3.0691	1	95.6232	0.04021
3.0719	1	95.6457	0.04021
3.0746000000000002	1	95.6682	0.04022
3.0773	1	95.6907	0.04023
3.0801	1	95.7132	0.04023
3.0828	1	95.7356	0.04024
3.0856	1	95.7581	0.04024
3.0883	1	95.7805	0.04025
3.091	1	95.803	0.04025
3.0938	1	95.8254	0.04026
3.0965	1	95.8478	0.04026
3.0992	1	95.8702	0.04027
3.102	1	95.8926	0.04028
3.1047	1	95.915	0.04028
3.1075	1	95.9374	0.04029
3.1102	1	95.9597	0.04029
3.1129	1	95.9821	0.0403
3.1157	1	96.0044	0.0403
3.1184	1	96.0268	0.04031
3.1211	1	96.0491	0.04032
3.1239	1	96.0714	0.04032
3.1266	1	96.0937	0.04033
3.1294	1	96.116	0.04033
3.1321	1	96.1383	0.04034
3.1348	1	96.1606	0.04034
3.1376	1	96.1828	0.04035
3.1403	1	96.2051	0.04035
3.1431	1	96.2273	0.04036
3.1458	1	96.2495	0.04036
3.1485	1	96.2718	0.04037
3.1513	1	96.294	0.04038
3.154	1	96.3162	0.04038
3.1567	1	96.3384	0.04039
3.1595	1	96.3606	0.04039
3.1622	1	96.3827	0.0404
3.165	1	96.4049	0.0404
3.1677	1	96.427	0.04041
3.1704	1	96.4492	0.04041
3.1732	1	96.4713	0.04042
3.1759	1	96.4934	0.04043
3.1786	1	96.5156	0.04043
3.1814	1	96.5377	0.04044
3.1841	1	96.5598	0.04044
3.1869	1	96.5818	0.04045
3.1896	1	96.6039	0.04045
3.1923	1	96.626	0.04046
3.1951	1	96.648	0.04046
3.1978	1	96.6701	0.04047
3.2005	1	96.6921	0.04047
3.2033	1	96.7141	0.04048
3.206	1	96.7362	0.04049
3.2088	1	96.7582	0.04049
3.2115	1	96.7802	0.0405
3.2142	1	96.8021	0.0405
3.217	1	96.8241	0.04051
3.2197	1	96.8461	0.04051
3.2225	1	96.868	0.04052
3.2252	1	96.89	0.04052
3.2279	1	96.9119	0.04053
3.2307	1	96.9339	0.04053
3.2334	1	96.9558	0.04054
3.2361	1	96.9777	0.04054
3.2389	1	96.9996	0.04055
3.2416	1	97.0215	0.04056
3.2444	1	97.0434	0.04056
3.2471	1	97.0652	0.04057
3.2498	1	97.0871	0.04057
3.2526	1	97.1089	0.04058
3.2553	1	97.1308	0.04058
3.258	1	97.1526	0.04059
3.2608	1	97.1744	0.04059
3.2635	1	97.1963	0.0406
3.2663	1	97.2181	0.0406
3.269	1	97.2399	0.04061
3.2717	1	97.2616	0.04061
3.2745	1	97.2834	0.04062
3.2772	1	97.3052	0.04063
3.2799	1	97.3269	0.04063
3.2827	1	97.3487	0.04064
3.2854	1	97.3704	0.04064
3.2882	1	97.3922	0.04065
3.2909	1	97.4139	0.04065
3.2936	1	97.4356	0.04066
3.2964	1	97.4573	0.04066
3.2991	1	97.479	0.04067
3.3018	1	97.5007	0.04067
3.3046	1	97.5223	0.04068
3.3073	1	97.544	0.04068
3.3101	1	97.5657	0.04069
3.3128	1	97.5873	0.04069
3.3155	1	97.6089	0.0407
3.3183	1	97.6306	0.0407
3.321	1	97.6522	0.04071
3.3238	1	97.6738	0.04072
3.3265	1	97.6954	0.04072
3.3292	1	97.717	0.04073
3.332	1	97.7385	0.04073
3.3347	1	97.7601	0.04074
3.3374	1	97.7817	0.04074
3.3402	1	97.8032	0.04075
3.3429	1	97.8248	0.04075
3.3457	1	97.8463	0.04076
3.3484	1	97.8678	0.04076
3.3511	1	97.8893	0.04077
3.3539	1	97.9108	0.04077
3.3566	1	97.9323	0.04078
3.3593	1	97.9538	0.04078
3.3621	1	97.9753	0.04079
3.3648	1	97.9968	0.04079
3.3676	1	98.0182	0.0408
3.3703	1	98.0397	0.0408
3.373	1	98.0611	0.04081
3.3758	1	98.0825	0.04081
3.3785	1	98.1039	0.04082
3.3812	1	98.1253	0.04082
3.384	1	98.1467	0.04083
3.3867	1	98.1681	0.04084
3.3895	1	98.1895	0.04084
3.3922	1	98.2109	0.04085
3.3949	1	98.2322	0.04085
3.3977	1	98.2536	0.04086
3.4004	1	98.2749	0.04086
3.4031	1	98.2963	0.04087
3.4059	1	98.3176	0.04087
3.4086	1	98.3389	0.04088
3.4114	1	98.3602	0.04088
3.4141	1	98.3815	0.04089
3.4168	1	98.4028	0.04089
3.4196	1	98.4241	0.0409
3.4223	1	98.4453	0.0409
3.4251	1	98.4666	0.04091
3.4278	1	98.4878	0.04091
3.4305	1	98.5091	0.04092
3.4333	1	98.5303	0.04092
3.436	1	98.5515	0.04093
3.4387	1	98.5727	0.04093
3.4415	1	98.5939	0.04094
3.4442	1	98.6151	0.04094
3.447	1	98.6363	0.04095
3.4497	1	98.6575	0.04095
3.4524	1	98.6786	0.04096
3.4552	1	98.6998	0.04096
3.4579	1	98.7209	0.04097
3.4606	1	98.7421	0.04097
3.4634	1	98.7632	0.04098
3.4661	1	98.7843	0.04098
3.4689	1	98.8054	0.04099
3.4716	1	98.8265	0.04099
3.4743	1	98.8476	0.041
3.4771	1	98.8687	0.041
3.4798	1	98.8897	0.04101
3.4825	1	98.9108	0.04101
3.4853	1	98.9318	0.04102
3.488	1	98.9529	0.04103
3.4908	1	98.9739	0.04103
3.4935	1	98.9949	0.04104
3.4962	1	99.0159	0.04104
3.499	1	99.0369	0.04105
3.5017	1	99.0579	0.04105
3.5044	1	99.0789	0.04106
3.5072	1	99.0999	0.04106
3.5099	1	99.1208	0.04107
3.5127	1	99.1418	0.04107
3.5154	1	99.1628	0.04108
3.5181	1	99.1837	0.04108
3.5209	1	99.2046	0.04109
3.5236	1	99.2255	0.04109
3.5264	1	99.2464	0.0411
3.5291	1	99.2673	0.0411
3.5318	1	99.2882	0.04111
3.5346	1	99.3091	0.04111
3.5373	1	99.33	0.04112
3.54	1	99.3509	0.04112
3.5428	1	99.3717	0.04113
3.5455	1	99.3926	0.04113
3.5483	1	99.4134	0.04114
3.551	1	99.4342	0.04114
3.5537	1	99.455	0.04115
3.5565	1	99.4758	0.04115
3.5592	1	99.4966	0.04116
3.5619	1	99.5174	0.04116
3.5647	1	99.5382	0.04117
3.5674	1	99.559	0.04117
3.5702	1	99.5798	0.04118
3.5729	1	99.6005	0.04118
3.5756	1	99.6212	0.04119
3.5784	1	99.642	0.04119
3.5811	1	99.6627	0.0412
3.5838	1	99.6834	0.0412
3.5866	1	99.7041	0.04121
3.5893	1	99.7248	0.04121
3.5921	1	99.7455	0.04122
3.5948	1	99.7662	0.04122
3.5975	1	99.7869	0.04123
3.6003	1	99.8075	0.04123
3.603	1	99.8282	0.04124
3.6057	1	99.8488	0.04124
3.6085	1	99.8695	0.04125
3.6112	1	99.8901	0.04125
3.614	1	99.9107	0.04126
3.6167	1	99.9313	0.04126
3.6194	1	99.9519	0.04126
3.6222	1	99.9725	0.04127
3.6249	1	99.9931	0.04127
3.6277	1	100.0137	0.04128
3.6304	1	100.0342	0.04128
3.6331	1	100.0548	0.04129
3.6359	1	100.0753	0.04129
3.6386	1	100.0959	0.0413
3.6413	1	100.1164	0.0413
3.6441	1	100.1369	0.04131
3.6468	1	100.1574	0.04131
3.6496	1	100.1779	0.04132
3.6523	1	100.1984	0.04132
3.655	1	100.2189	0.04133
3.6578	1	100.2394	0.04133
3.6605	1	100.2598	0.04134
3.6632	1	100.2803	0.04134
3.666	1	100.3007	0.04135
3.6687	1	100.3212	0.04135
3.6715	1	100.3416	0.04136
3.6742	1	100.362	0.04136
3.6769	1	100.3824	0.04137
3.6797	1	100.4028	0.04137
3.6824	1	100.4232	0.04138
3.6851	1	100.4436	0.04138
3.6879	1	100.464	0.04139
3.6906	1	100.4843	0.04139
3.6934	1	100.5047	0.0414
3.6961	1	100.525	0.0414
3.6988	1	100.5454	0.04141
3.7016	1	100.5657	0.04141
3.7043	1	100.586	0.04142
3.707	1	100.6063	0.04142
3.7098	1	100.6266	0.04143
3.7125	1	100.6469	0.04143
3.7153	1	100.6672	0.04144
3.718	1	100.6875	0.04144
3.7207	1	100.7077	0.04145
3.7235	1	100.728	0.04145
3.7262	1	100.7482	0.04146
3.729	1	100.7685	0.04146
3.7317	1	100.7887	0.04146
3.7344	1	100.8089	0.04147
3.7372	1	100.8291	0.04147
3.7399	1	100.8493	0.04148
3.7426	1	100.8695	0.04148
3.7454	1	100.8897	0.04149
3.7481	1	100.9099	0.04149
3.7509	1	100.9301	0.0415
3.7536	1	100.9502	0.0415
3.7563	1	100.9704	0.04151
3.7591	1	100.9905	0.04151
3.7618	1	101.0107	0.04152
3.7645	1	101.0308	0.04152
3.7673	1	101.0509	0.04153
3.77	1	101.071	0.04153
3.7728	1	101.0911	0.04154
3.7755	1	101.1112	0.04154
3.7782	1	101.1313	0.04155
3.781	1	101.1514	0.04155
3.7837	1	101.1714	0.04156
3.7864	1	101.1915	0.04156
3.7892	1	101.2115	0.04157
3.7919	1	101.2316	0.04157
3.7947	1	101.2516	0.04158
3.7974	1	101.2716	0.04158
3.8001	1	101.2917	0.04158
3.8029	1	101.3117	0.04159
3.8056	1	101.3317	0.04159
3.8084	1	101.3517	0.0416
3.8111	1	101.3716	0.0416
3.8138	1	101.3916	0.04161
3.8166	1	101.4116	0.04161
3.8193	1	101.4315	0.04162
3.822	1	101.4515	0.04162
3.8248	1	101.4714	0.04163
3.8275	1	101.4914	0.04163
3.8303	1	101.5113	0.04164
3.833	1	101.5312	0.04164
3.8357	1	101.5511	0.04165
3.8385	1	101.571	0.04165
3.8412	1	101.5909	0.04166
3.8439	1	101.6108	0.04166
3.8467	1	101.6306	0.04167
3.8494	1	101.6505	0.04167
3.8522	1	101.6704	0.04167
3.8549	1	101.6902	0.04168
3.8576	1	101.7101	0.04168
3.8604	1	101.7299	0.04169
3.8631	1	101.7497	0.04169
3.8658	1	101.7695	0.0417
3.8686	1	101.7893	0.0417
3.8713	1	101.8091	0.04171
3.8741	1	101.8289	0.04171
3.8768	1	101.8487	0.04172
3.8795	1	101.8685	0.04172
3.8823	1	101.8883	0.04173
3.885	1	101.908	0.04173
3.8877	1	101.9278	0.04174
3.8905	1	101.9475	0.04174
3.8932	1	101.9673	0.04175
3.896	1	101.987	0.04175
3.8987	1	102.0067	0.04175
3.9014	1	102.0264	0.04176
3.9042	1	102.0461	0.04176
3.9069	1	102.0658	0.04177
3.9097	1	102.0855	0.04177
3.9124	1	102.1052	0.04178
3.9151	1	102.1249	0.04178
3.9179	1	102.1446	0.04179
3.9206	1	102.1642	0.04179
3.9233	1	102.1839	0.0418
3.9261	1	102.2035	0.0418
3.9288	1	102.2232	0.04181
3.9316	1	102.2428	0.04181
3.9343	1	102.2624	0.04181
3.937	1	102.282	0.04182
3.9398	1	102.3016	0.04182
3.9425	1	102.3212	0.04183
3.9452	1	102.3408	0.04183
3.948	1	102.3604	0.04184
3.9507	1	102.38	0.04184
3.9535	1	102.3996	0.04185
3.9562	1	102.4191	0.04185
3.9589	1	102.4387	0.04186
3.9617	1	102.4582	0.04186
3.9644	1	102.4778	0.04187
3.9671	1	102.4973	0.04187
3.9699	1	102.5168	0.04187
3.9726	1	102.5364	0.04188
3.9754	1	102.5559	0.04188
3.9781	1	102.5754	0.04189
3.9808	1	102.5949	0.04189
3.9836	1	102.6144	0.0419
3.9863	1	102.6338	0.0419
3.989	1	102.6533	0.04191
3.9918	1	102.6728	0.04191
3.9945	1	102.6923	0.04192
3.9973	1	102.7117	0.04192
4	1	102.7312	0.04193
4.0027	1	102.7506	0.04193
4.0055	1	102.77	0.04193
4.0082	1	102.7895	0.04194
4.011	1	102.8089	0.04194
4.0137	1	102.8283	0.04195
4.0164	1	102.8477	0.04195
4.0192	1	102.8671	0.04196
4.0219	1	102.8865	0.04196
4.0246	1	102.9059	0.04197
4.0274	1	102.9252	0.04197
4.0301	1	102.9446	0.04198
4.0329	1	102.964	0.04198
4.0356	1	102.9833	0.04198
4.0383	1	103.0027	0.04199
4.0411	1	103.022	0.04199
4.0438	1	103.0414	0.042
4.0465	1	103.0607	0.042
4.0493	1	103.08	0.04201
4.052	1	103.0993	0.04201
4.0548	1	103.1186	0.04202
4.0575	1	103.1379	0.04202
4.0602	1	103.1572	0.04203
4.063	1	103.1765	0.04203
4.0657	1	103.1958	0.04203
4.0684	1	103.2151	0.04204
4.0712	1	103.2343	0.04204
4.0739	1	103.2536	0.04205
4.0767	1	103.2728	0.04205
4.0794	1	103.2921	0.04206
4.0821	1	103.3113	0.04206
4.0849	1	103.3306	0.04207
4.0876	1	103.3498	0.04207
4.0903	1	103.369	0.04208
4.0931	1	103.3882	0.04208
4.0958	1	103.4074	0.04208
4.0986	1	103.4266	0.04209
4.1013	1	103.4458	0.04209
4.104	1	103.465	0.0421
4.1068	1	103.4842	0.0421
4.1095	1	103.5034	0.04211
4.1123	1	103.5225	0.04211
4.115	1	103.5417	0.04212
4.1177	1	103.5608	0.04212
4.1205	1	103.58	0.04212
4.1232	1	103.5991	0.04213
4.1259	1	103.6183	0.04213
4.1287	1	103.6374	0.04214
4.1314	1	103.6565	0.04214
4.1342	1	103.6756	0.04215
4.1369	1	103.6947	0.04215
4.1396	1	103.7138	0.04216
4.1424	1	103.7329	0.04216
4.1451	1	103.752	0.04216
4.1478	1	103.7711	0.04217
4.1506	1	103.7902	0.04217
4.1533	1	103.8092	0.04218
4.1561	1	103.8283	0.04218
4.1588	1	103.8473	0.04219
4.1615	1	103.8664	0.04219
4.1643	1	103.8854	0.0422
4.167	1	103.9045	0.0422
4.1697	1	103.9235	0.0422
4.1725	1	103.9425	0.04221
4.1752	1	103.9616	0.04221
4.178	1	103.9806	0.04222
4.1807	1	103.9996	0.04222
4.1834	1	104.0186	0.04223
4.1862	1	104.0376	0.04223
4.1889	1	104.0565	0.04224
4.1916	1	104.0755	0.04224
4.1944	1	104.0945	0.04224
4.1971	1	104.1135	0.04225
4.1999	1	104.1324	0.04225
4.2026	1	104.1514	0.04226
4.2053	1	104.1703	0.04226
4.2081	1	104.1893	0.04227
4.2108	1	104.2082	0.04227
4.2136	1	104.2271	0.04227
4.2163	1	104.2461	0.04228
4.219	1	104.265	0.04228
4.2218	1	104.2839	0.04229
4.2245	1	104.3028	0.04229
4.2272	1	104.3217	0.0423
4.23	1	104.3406	0.0423
4.2327	1	104.3595	0.04231
4.2355	1	104.3784	0.04231
4.2382	1	104.3972	0.04231
4.2409	1	104.4161	0.04232
4.2437	1	104.435	0.04232
4.2464	1	104.4538	0.04233
4.2491	1	104.4727	0.04233
4.2519	1	104.4915	0.04234
4.2546	1	104.5104	0.04234
4.2574	1	104.5292	0.04234
4.2601	1	104.548	0.04235
4.2628	1	104.5668	0.04235
4.2656	1	104.5856	0.04236
4.2683	1	104.6045	0.04236
4.271	1	104.6233	0.04237
4.2738	1	104.6421	0.04237
4.2765	1	104.6608	0.04238
4.2793	1	104.6796	0.04238
4.282	1	104.6984	0.04238
4.2847	1	104.7172	0.04239
4.2875	1	104.736	0.04239
4.2902	1	104.7547	0.0424
4.293	1	104.7735	0.0424
4.2957	1	104.7922	0.04241
4.2984	1	104.811	0.04241
4.3012	1	104.8297	0.04241
4.3039	1	104.8484	0.04242
4.3066	1	104.8672	0.04242
4.3094	1	104.8859	0.04243
4.3121	1	104.9046	0.04243
4.3149	1	104.9233	0.04244
4.3176	1	104.942	0.04244
4.3203	1	104.9607	0.04244
4.3231	1	104.9794	0.04245
4.3258	1	104.9981	0.04245
4.3285	1	105.0167	0.04246
4.3313	1	105.0354	0.04246
4.334	1	105.0541	0.04247
4.3368	1	105.0727	0.04247
4.3395	1	105.0914	0.04247
4.3422	1	105.11	0.04248
4.345	1	105.1287	0.04248
4.3477	1	105.1473	0.04249
4.3504	1	105.166	0.04249
4.3532	1	105.1846	0.0425
4.3559	1	105.2032	0.0425
4.3587	1	105.2218	0.0425
4.3614	1	105.2404	0.04251
4.3641	1	105.259	0.04251
4.3669	1	105.2776	0.04252
4.3696	1	105.2962	0.04252
4.3723	1	105.3148	0.04253
4.3751	1	105.3334	0.04253
4.3778	1	105.352	0.04253
4.3806	1	105.3705	0.04254
4.3833	1	105.3891	0.04254
4.386	1	105.4076	0.04255
4.3888	1	105.4262	0.04255
4.3915	1	105.4447	0.04256
4.3943	1	105.4633	0.04256
4.397	1	105.4818	0.04256
4.3997	1	105.5003	0.04257
4.4025	1	105.5189	0.04257
4.4052	1	105.5374	0.04258
4.4079	1	105.5559	0.04258
4.4107	1	105.5744	0.04259
4.4134	1	105.5929	0.04259
4.4162	1	105.6114	0.04259
4.4189	1	105.6299	0.0426
4.4216	1	105.6483	0.0426
4.4244	1	105.6668	0.04261
4.4271	1	105.6853	0.04261
4.4298	1	105.7037	0.04262
4.4326	1	105.7222	0.04262
4.4353	1	105.7406	0.04262
4.4381	1	105.7591	0.04263
4.4408	1	105.7775	0.04263
4.4435	1	105.796	0.04264
4.4463	1	105.8144	0.04264
4.449	1	105.8328	0.04264
4.4517	1	105.8512	0.04265
4.4545	1	105.8696	0.04265
4.4572	1	105.888	0.042659999999999997
4.46	1	105.9064	0.042659999999999997
4.4627	1	105.9248	0.04267
4.4654	1	105.9432	0.04267
4.4682	1	105.9616	0.04267
4.4709	1	105.98	0.04268
4.4736	1	105.9983	0.04268
4.4764	1	106.0167	0.04269
4.4791	1	106.0351	0.04269
4.4819	1	106.0534	0.0427
4.4846	1	106.0718	0.0427
4.4873	1	106.0901	0.0427
4.4901	1	106.1084	0.04271
4.4928	1	106.1268	0.04271
4.4956	1	106.1451	0.04272
4.4983	1	106.1634	0.04272
4.501	1	106.1817	0.04272
4.5038	1	106.2	0.04273
4.5065	1	106.2183	0.04273
4.5092	1	106.2366	0.04274
4.512	1	106.2549	0.04274
4.5147	1	106.2732	0.04275
4.5175	1	106.2915	0.04275
4.5202	1	106.3097	0.04275
4.5229	1	106.328	0.04276
4.5257	1	106.3463	0.04276
4.5284	1	106.3645	0.04277
4.5311	1	106.3828	0.04277
4.5339	1	106.401	0.04277
4.5366	1	106.4192	0.04278
4.5394	1	106.4375	0.04278
4.5421	1	106.4557	0.04279
4.5448	1	106.4739	0.04279
4.5476	1	106.4921	0.0428
4.5503	1	106.5103	0.0428
4.553	1	106.5285	0.0428
4.5558	1	106.5467	0.04281
4.5585	1	106.5649	0.04281
4.5613	1	106.5831	0.04282
4.564	1	106.6013	0.04282
4.5667	1	106.6195	0.04282
4.5695	1	106.6376	0.04283
4.5722	1	106.6558	0.04283
4.5749	1	106.6739	0.04284
4.5777	1	106.6921	0.04284
4.5804	1	106.7102	0.04285
4.5832	1	106.7284	0.04285
4.5859	1	106.7465	0.04285
4.5886	1	106.7646	0.04286
4.5914	1	106.7828	0.04286
4.5941	1	106.8009	0.04287
4.5969	1	106.819	0.04287
4.5996	1	106.8371	0.04287
4.6023	1	106.8552	0.04288
4.6051	1	106.8733	0.04288
4.6078	1	106.8914	0.04289
4.6105	1	106.9094	0.04289
4.6133	1	106.9275	0.04289
4.616	1	106.9456	0.0429
4.6188	1	106.9636	0.0429
4.6215	1	106.9817	0.04291
4.6242	1	106.9998	0.04291
4.627	1	107.0178	0.04292
4.6297	1	107.0358	0.04292
4.6324	1	107.0539	0.04292
4.6352	1	107.0719	0.04293
4.6379	1	107.0899	0.04293
4.6407	1	107.1079	0.04294
4.6434	1	107.126	0.04294
4.6461	1	107.144	0.04294
4.6489	1	107.162	0.04295
4.6516	1	107.1799	0.04295
4.6543	1	107.1979	0.04296
4.6571	1	107.2159	0.04296
4.6598	1	107.2339	0.04296
4.6626	1	107.2519	0.04297
4.6653	1	107.2698	0.04297
4.668	1	107.2878	0.04298
4.6708	1	107.3057	0.04298
4.6735	1	107.3237	0.04299
4.6762	1	107.3416	0.04299
4.679	1	107.3596	0.04299
4.6817	1	107.3775	0.043
4.6845	1	107.3954	0.043
4.6872	1	107.4133	0.04301
4.6899	1	107.4312	0.04301
4.6927	1	107.4492	0.04301
4.6954	1	107.4671	0.04302
4.6982	1	107.4849	0.04302
4.7009	1	107.5028	0.04303
4.7036	1	107.5207	0.04303
4.7064	1	107.5386	0.04303
4.7091	1	107.5565	0.04304
4.7118	1	107.5743	0.04304
4.7146	1	107.5922	0.04305
4.7173	1	107.61	0.04305
4.7201	1	107.6279	0.04305
4.7228	1	107.6457	0.04306
4.7255	1	107.6636	0.04306
4.7283	1	107.6814	0.04307
4.731	1	107.6992	0.04307
4.7337	1	107.717	0.04308
4.7365	1	107.7349	0.04308
4.7392	1	107.7527	0.04308
4.742	1	107.7705	0.04309
4.7447	1	107.7883	0.04309
4.7474	1	107.806	0.0431
4.7502	1	107.8238	0.0431
4.7529	1	107.8416	0.0431
4.7556	1	107.8594	0.04311
4.7584	1	107.8772	0.04311
4.7611	1	107.8949	0.04312
4.7639	1	107.9127	0.04312
4.7666	1	107.9304	0.04312
4.7693	1	107.9482	0.04313
4.7721	1	107.9659	0.04313
4.7748	1	107.9836	0.04314
4.7775	1	108.0014	0.04314
4.7803	1	108.0191	0.04314
4.783	1	108.0368	0.04315
4.7858	1	108.0545	0.04315
4.7885	1	108.0722	0.04316
4.7912	1	108.0899	0.04316
4.794	1	108.1076	0.04316
4.7967	1	108.1253	0.04317
4.7995	1	108.143	0.04317
4.8022	1	108.1607	0.04318
4.8049	1	108.1783	0.04318
4.8077	1	108.196	0.04318
4.8104	1	108.2137	0.04319
4.8131	1	108.2313	0.04319
4.8159	1	108.249	0.0432
4.8186	1	108.2666	0.0432
4.8214	1	108.2842	0.04321
4.8241	1	108.3019	0.04321
4.8268	1	108.3195	0.04321
4.8296	1	108.3371	0.04322
4.8323	1	108.3547	0.04322
4.835	1	108.3723	0.04323
4.8378	1	108.3899	0.04323
4.8405	1	108.4075	0.04323
4.8433	1	108.4251	0.04324
4.846	1	108.4427	0.04324
4.8487	1	108.4603	0.04325
4.8515	1	108.4779	0.04325
4.8542	1	108.4954	0.04325
4.8569	1	108.513	0.04326
4.8597	1	108.5306	0.04326
4.8624	1	108.5481	0.04327
4.8652	1	108.5657	0.04327
4.8679	1	108.5832	0.04327
4.8706	1	108.6008	0.04328
4.8734	1	108.6183	0.04328
4.8761	1	108.6358	0.04329
4.8789	1	108.6533	0.04329
4.8816	1	108.6709	0.04329
4.8843	1	108.6884	0.0433
4.8871	1	108.7059	0.0433
4.8898	1	108.7234	0.04331
4.8925	1	108.7409	0.04331
4.8953	1	108.7583	0.04331
4.898	1	108.7758	0.04332
4.9008	1	108.7933	0.04332
4.9035	1	108.8108	0.04333
4.9062	1	108.8282	0.04333
4.909	1	108.8457	0.04333
4.9117	1	108.8632	0.04334
4.9144	1	108.8806	0.04334
4.9172	1	108.8981	0.04335
4.9199	1	108.9155	0.04335
4.9227	1	108.9329	0.04335
4.9254	1	108.9504	0.04336
4.9281	1	108.9678	0.04336
4.9309	1	108.9852	0.04337
4.9336	1	109.0026	0.04337
4.9363	1	109.02	0.04337
4.9391	1	109.0374	0.04338
4.9418	1	109.0548	0.04338
4.9446	1	109.0722	0.04339
4.9473	1	109.0896	0.04339
4.95	1	109.107	0.04339
4.9528	1	109.1244	0.0434
4.9555	1	109.1417	0.0434
4.9582	1	109.1591	0.04341
4.961	1	109.1764	0.04341
4.9637	1	109.1938	0.04341
4.9665	1	109.2112	0.04342
4.9692	1	109.2285	0.04342
4.9719	1	109.2458	0.04343
4.9747	1	109.2632	0.04343
4.9774	1	109.2805	0.04343
4.9802	1	109.2978	0.04344
4.9829	1	109.3151	0.04344
4.9856	1	109.3324	0.04345
4.9884	1	109.3498	0.04345
4.9911	1	109.3671	0.04345
4.9938	1	109.3844	0.04346
4.9966	1	109.4016	0.04346
4.9993	1	109.4189	0.04346
5.0021	1	109.4362	0.04347
5.0048	1	109.4535	0.04347
5.0075	1	109.4708	0.04348
5.0103	1	109.488	0.04348
5.013	1	109.5053	0.04348
5.0157	1	109.5225	0.04349
5.0185	1	109.5398	0.04349
5.0212	1	109.557	0.0435
5.024	1	109.5743	0.0435
5.0267	1	109.5915	0.0435
5.0294	1	109.6088	0.04351
5.0322	1	109.626	0.04351
5.0349	1	109.6432	0.04352
5.0376	1	109.6604	0.04352
5.0404	1	109.6776	0.04352
5.0431	1	109.6948	0.04353
5.0459	1	109.712	0.04353
5.0486	1	109.7292	0.04354
5.0513	1	109.7464	0.04354
5.0541	1	109.7636	0.04354
5.0568	1	109.7808	0.04355
5.0595	1	109.798	0.04355
5.0623	1	109.8151	0.04356
5.065	1	109.8323	0.04356
5.0678	1	109.8494	0.04356
5.0705	1	109.8666	0.04357
5.0732	1	109.8837	0.04357
5.076	1	109.9009	0.04358
5.0787	1	109.918	0.04358
5.0815	1	109.9352	0.04358
5.0833	1	109.6016	0.04355
5.1667	1	110.1258	0.04364
5.25	1	110.6451	0.04373
5.3333	1	111.1596	0.04382
5.4167	1	111.6696	0.0439
5.5	1	112.1753	0.04399
5.5833	1	112.6767	0.04407
5.6667	1	113.174	0.04415
5.75	1	113.6672	0.04423
5.8333	1	114.1565	0.04431
5.9167	1	114.6421	0.04439
6	1	115.1244	0.04447
6.0833	1	115.6039	0.04454
6.1667	1	116.0812	0.04461
6.25	1	116.5568	0.04469
6.3333	1	117.0311	0.04475
6.4167	1	117.5044	0.04482
6.5	1	117.9769	0.04489
6.5833	1	118.4489	0.04495
6.6667	1	118.9208	0.04502
6.75	1	119.3926	0.04508
6.8333	1	119.8648	0.04514
6.9167	1	120.3374	0.0452
7	1	120.8105	0.04525
7.0833	1	121.2843	0.04531
7.1667	1	121.7587	0.04536
7.25	1	122.2338	0.04542
7.3333	1	122.7098	0.045469999999999997
7.4167	1	123.1868	0.04551
7.5	1	123.6646	0.04556
7.5833	1	124.1435	0.04561
7.6667	1	124.6234	0.04565
7.75	1	125.1045	0.04569
7.8333	1	125.5869	0.04573
7.9167	1	126.0706	0.04577
8	1	126.5558	0.04581
8.0833	1	127.0424	0.04585
8.1667	1	127.5304	0.04588
8.25	1	128.0199	0.04591
8.3333	1	128.5109	0.04594
8.4167	1	129.0035	0.04597
8.5	1	129.4975	0.046
8.5833	1	129.9932	0.04602
8.6667	1	130.4904	0.04604
8.75	1	130.9891	0.04607
8.8333	1	131.4895	0.04608
8.9167	1	131.9912	0.0461
9	1	132.4944	0.04612
9.0833	1	132.9989	0.04613
9.1667	1	133.5046	0.04614
9.25	1	134.0118	0.04615
9.3333	1	134.5202	0.04616
9.4167	1	135.0299	0.04616
9.5	1	135.541	0.04617
9.5833	1	136.0533	0.04617
9.6667	1	136.567	0.04616
9.75	1	137.0821	0.04616
9.8333	1	137.5987	0.04616
9.9167	1	138.1167	0.04615
10	1	138.6363	0.04614
10.0833	1	139.1575	0.04612
10.1667	1	139.6803	0.04611
10.25	1	140.2049	0.04609
10.3333	1	140.7313	0.04607
10.4167	1	141.2594	0.04605
10.5	1	141.7892	0.04603
10.5833	1	142.3206	0.046
10.6667	1	142.8534	0.04597
10.75	1	143.3874	0.04594
10.8333	1	143.9222	0.04591
10.9167	1	144.4575	0.04588
11	1	144.9929	0.04584
11.0833	1	145.528	0.0458
11.1667	1	146.0622	0.04576
11.25	1	146.5951	0.04571
11.3333	1	147.1262	0.04567
11.4167	1	147.6548	0.04562
11.5	1	148.1804	0.04557
11.5833	1	148.7023	0.04552
11.6667	1	149.2197	0.04546
11.75	1	149.7322	0.04541
11.8333	1	150.239	0.04535
11.9167	1	150.7394	0.04529
12	1	151.2327	0.04523
12.0833	1	151.7182	0.04516
12.1667	1	152.1951	0.0451
12.25	1	152.6628	0.04503
12.3333	1	153.1206	0.04497
12.4167	1	153.5678	0.0449
12.5	1	154.0041	0.04483
12.5833	1	154.429	0.04476
12.6667	1	154.8423	0.04468
12.75	1	155.2437	0.04461
12.8333	1	155.633	0.04454
12.9167	1	156.0101	0.04446
13	1	156.3748	0.04439
13.0833	1	156.7269	0.04431
13.1667	1	157.0666	0.04423
13.25	1	157.3936	0.04415
13.3333	1	157.7082	0.04408
13.4167	1	158.0102	0.044
13.5	1	158.2997	0.04392
13.5833	1	158.5771	0.04384
13.6667	1	158.8425	0.04376
13.75	1	159.0961	0.04369
13.8333	1	159.3382	0.04361
13.9167	1	159.5691	0.04353
14	1	159.789	0.04345
14.0833	1	159.9983	0.04337
14.1667	1	160.1971	0.0433
14.25	1	160.3857	0.04322
14.3333	1	160.5643	0.04314
14.4167	1	160.7332	0.04307
14.5	1	160.8927	0.04299
14.5833	1	161.043	0.04292
14.6667	1	161.1845	0.04284
14.75	1	161.3176	0.04277
14.8333	1	161.4425	0.0427
14.9167	1	161.5596	0.04263
15	1	161.6692	0.04255
15.0833	1	161.7717	0.04248
15.1667	1	161.8673	0.04241
15.25	1	161.9564	0.04235
15.3333	1	162.0393	0.04228
15.4167	1	162.1164	0.04221
15.5	1	162.188	0.04214
15.5833	1	162.2542	0.04208
15.6667	1	162.3154	0.04201
15.75	1	162.3719	0.04195
15.8333	1	162.4239	0.04189
15.9167	1	162.4717	0.04182
16	1	162.5156	0.04176
16.0833	1	162.556	0.0417
16.1667	1	162.5933	0.04164
16.25	1	162.6276	0.04158
16.3333	1	162.6594	0.04152
16.4167	1	162.689	0.04147
16.5	1	162.7165	0.04141
16.5833	1	162.7425	0.04136
16.6667	1	162.767	0.0413
16.75	1	162.7904	0.04125
16.8333	1	162.8126	0.04119
16.9167	1	162.834	0.04114
17	1	162.8545	0.04109
17.0833	1	162.8743	0.04104
17.1667	1	162.8935	0.04099
17.25	1	162.912	0.04094
17.3333	1	162.93	0.04089
17.4167	1	162.9476	0.04084
17.5	1	162.9649	0.0408
17.5833	1	162.9817	0.04075
17.6667	1	162.9983	0.04071
17.75	1	163.0144	0.04066
17.8333	1	163.03	0.04062
17.9167	1	163.0451	0.04058
18	1	163.0595	0.04053
18.0833	1	163.0733	0.04049
18.1667	1	163.0862	0.04045
18.25	1	163.0982	0.04041
18.3333	1	163.1092	0.04037
18.4167	1	163.1192	0.04034
18.5	1	163.1279	0.0403
18.5833	1	163.1355	0.04026
18.6667	1	163.1418	0.04023
18.75	1	163.1469	0.04019
18.8333	1	163.1508	0.04016
18.9167	1	163.1534	0.04012
19	1	163.1548	0.04009
19.0833	1	163.1548	0.04009
