name = who
year = 2007
yname = hdc
sex = female
distribution = LMS
citation = WHO
publication = WHO Multicentre Growth Reference Study Group (2007). WHO Child Growth Standards: Head circumference-for-age, arm circumference-for-age, triceps skinfold-for-age and subscapular skinfold-for-age: Methods and development. Geneva: World Health Organization; pp 217. (web site: http://www.who.int/childgrowth/publications/en/ )
[data]
x	L	M	S
0	1	33.8787	0.03496
0.0027	1	33.975	0.03479
0.0055	1	34.0714	0.03461
0.0082	1	34.1677	0.03444
0.011	1	34.264	0.03426
0.0137	1	34.3603	0.03409
0.0164	1	34.4566	0.03391
0.0192	1	34.5529	0.03374
0.0219	1	34.6493	0.03356
0.0246	1	34.7456	0.03339
0.0274	1	34.8419	0.03321
0.0301	1	34.9382	0.03304
0.0329	1	35.0345	0.03286
0.0356	1	35.1309	0.03269
0.0383	1	35.2272	0.03251
0.0411	1	35.3211	0.03248
0.0438	1	35.413	0.03245
0.0465	1	35.5028	0.03242
0.0493	1	35.5906	0.03239
0.052	1	35.6766	0.03236
0.0548	1	35.7607	0.03233
0.0575	1	35.843	0.03231
0.0602	1	35.9237	0.03228
0.063	1	36.0028	0.03226
0.0657	1	36.0803	0.03223
0.0684	1	36.1563	0.03221
0.0712	1	36.2309	0.03219
0.0739	1	36.3042	0.03217
0.0767	1	36.3761	0.03215
0.0794	1	36.4468	0.03213
0.0821	1	36.5163	0.03211
0.0849	1	36.5846	0.03209
0.0876	1	36.6519	0.03207
0.0903	1	36.718	0.03206
0.0931	1	36.7831	0.03204
0.0958	1	36.8472	0.03202
0.0986	1	36.9104	0.032
0.1013	1	36.9726	0.03199
0.104	1	37.034	0.03197
0.1068	1	37.0945	0.03196
0.1095	1	37.1541	0.03194
0.1123	1	37.213	0.03193
0.115	1	37.2711	0.03191
0.1177	1	37.3284	0.0319
0.1205	1	37.3851	0.03188
0.1232	1	37.4411	0.03187
0.1259	1	37.4964	0.03186
0.1287	1	37.551	0.03184
0.1314	1	37.605	0.03183
0.1342	1	37.6584	0.03182
0.1369	1	37.7112	0.0318
0.1396	1	37.7635	0.03179
0.1424	1	37.8152	0.03178
0.1451	1	37.8663	0.03177
0.1478	1	37.9169	0.03176
0.1506	1	37.9671	0.03174
0.1533	1	38.0167	0.03173
0.1561	1	38.0658	0.03172
0.1588	1	38.1145	0.03171
0.1615	1	38.1628	0.0317
0.1643	1	38.2106	0.03169
0.167	1	38.258	0.03168
0.1697	1	38.305	0.03167
0.1725	1	38.3516	0.03166
0.1752	1	38.3978	0.03164
0.178	1	38.4437	0.03163
0.1807	1	38.4891	0.03162
0.1834	1	38.5342	0.03161
0.1862	1	38.5789	0.0316
0.1889	1	38.6233	0.03159
0.1916	1	38.6673	0.03158
0.1944	1	38.711	0.03158
0.1971	1	38.7543	0.03157
0.1999	1	38.7973	0.03156
0.2026	1	38.84	0.03155
0.2053	1	38.8823	0.03154
0.2081	1	38.9244	0.03153
0.2108	1	38.9661	0.03152
0.2136	1	39.0075	0.03151
0.2163	1	39.0487	0.0315
0.219	1	39.0895	0.03149
0.2218	1	39.1301	0.03149
0.2245	1	39.1704	0.03148
0.2272	1	39.2104	0.03147
0.23	1	39.2501	0.03146
0.2327	1	39.2896	0.03145
0.2355	1	39.3288	0.03144
0.2382	1	39.3677	0.03144
0.2409	1	39.4064	0.03143
0.2437	1	39.4448	0.03142
0.2464	1	39.483	0.03141
0.2491	1	39.521	0.0314
0.2519	1	39.5587	0.0314
0.2546	1	39.5962	0.03139
0.2574	1	39.6335	0.03138
0.2601	1	39.6705	0.03137
0.2628	1	39.7073	0.03137
0.2656	1	39.7438	0.03136
0.2683	1	39.7802	0.03135
0.271	1	39.8163	0.03134
0.2738	1	39.8522	0.03134
0.2765	1	39.8879	0.03133
0.2793	1	39.9233	0.03132
0.282	1	39.9586	0.03131
0.2847	1	39.9936	0.03131
0.2875	1	40.0284	0.0313
0.2902	1	40.063	0.03129
0.293	1	40.0974	0.03129
0.2957	1	40.1316	0.03128
0.2984	1	40.1656	0.03127
0.3012	1	40.1994	0.03127
0.3039	1	40.233	0.03126
0.3066	1	40.2664	0.03125
0.3094	1	40.2995	0.03125
0.3121	1	40.3325	0.03124
0.3149	1	40.3653	0.03123
0.3176	1	40.3979	0.03123
0.3203	1	40.4303	0.03122
0.3231	1	40.4625	0.03121
0.3258	1	40.4946	0.03121
0.3285	1	40.5264	0.0312
0.3313	1	40.5581	0.0312
0.334	1	40.5895	0.03119
0.3368	1	40.6208	0.03118
0.3395	1	40.6519	0.03118
0.3422	1	40.6829	0.03117
0.345	1	40.7136	0.03117
0.3477	1	40.7442	0.03116
0.3504	1	40.7746	0.03115
0.3532	1	40.8048	0.03115
0.3559	1	40.8348	0.03114
0.3587	1	40.8647	0.03114
0.3614	1	40.8944	0.03113
0.3641	1	40.9239	0.03112
0.3669	1	40.9533	0.03112
0.3696	1	40.9824	0.03111
0.3723	1	41.0115	0.03111
0.3751	1	41.0403	0.0311
0.3778	1	41.069	0.0311
0.3806	1	41.0975	0.03109
0.3833	1	41.1259	0.03108
0.386	1	41.1541	0.03108
0.3888	1	41.1821	0.03107
0.3915	1	41.21	0.03107
0.3943	1	41.2378	0.03106
0.397	1	41.2653	0.03106
0.3997	1	41.2927	0.03105
0.4025	1	41.32	0.03105
0.4052	1	41.3471	0.03104
0.4079	1	41.3741	0.03104
0.4107	1	41.4009	0.03103
0.4134	1	41.4275	0.03103
0.4162	1	41.454	0.03102
0.4189	1	41.4804	0.03102
0.4216	1	41.5066	0.03101
0.4244	1	41.5327	0.03101
0.4271	1	41.5586	0.031
0.4298	1	41.5844	0.03099
0.4326	1	41.61	0.03099
0.4353	1	41.6355	0.03098
0.4381	1	41.6609	0.03098
0.4408	1	41.6861	0.03098
0.4435	1	41.7112	0.03097
0.4463	1	41.7362	0.03097
0.449	1	41.761	0.03096
0.4517	1	41.7857	0.03096
0.4545	1	41.8102	0.03095
0.4572	1	41.8346	0.03095
0.46	1	41.8589	0.03094
0.4627	1	41.8831	0.03094
0.4654	1	41.9071	0.03093
0.4682	1	41.931	0.03093
0.4709	1	41.9548	0.03092
0.4736	1	41.9784	0.03092
0.4764	1	42.0019	0.03091
0.4791	1	42.0253	0.03091
0.4819	1	42.0485	0.0309
0.4846	1	42.0717	0.0309
0.4873	1	42.0947	0.03089
0.4901	1	42.1176	0.03089
0.4928	1	42.1403	0.03089
0.4956	1	42.163	0.03088
0.4983	1	42.1855	0.03088
0.501	1	42.2079	0.03087
0.5038	1	42.2302	0.03087
0.5065	1	42.2523	0.03086
0.5092	1	42.2744	0.03086
0.512	1	42.2963	0.03085
0.5147	1	42.3181	0.03085
0.5175	1	42.3398	0.03085
0.5202	1	42.3614	0.03084
0.5229	1	42.3829	0.03084
0.5257	1	42.4042	0.03083
0.5284	1	42.4255	0.03083
0.5311	1	42.4466	0.03082
0.5339	1	42.4676	0.03082
0.5366	1	42.4885	0.03082
0.5394	1	42.5093	0.03081
0.5421	1	42.53	0.03081
0.5448	1	42.5506	0.0308
0.5476	1	42.5711	0.0308
0.5503	1	42.5915	0.03079
0.553	1	42.6117	0.03079
0.5558	1	42.6319	0.03079
0.5585	1	42.6519	0.03078
0.5613	1	42.6719	0.03078
0.564	1	42.6917	0.03077
0.5667	1	42.7115	0.03077
0.5695	1	42.7311	0.03077
0.5722	1	42.7507	0.03076
0.5749	1	42.7701	0.03076
0.5777	1	42.7894	0.03075
0.5804	1	42.8087	0.03075
0.5832	1	42.8278	0.03075
0.5859	1	42.8469	0.03074
0.5886	1	42.8658	0.03074
0.5914	1	42.8846	0.03073
0.5941	1	42.9034	0.03073
0.5969	1	42.922	0.03073
0.5996	1	42.9406	0.03072
0.6023	1	42.9591	0.03072
0.6051	1	42.9774	0.03072
0.6078	1	42.9957	0.03071
0.6105	1	43.0139	0.03071
0.6133	1	43.032	0.0307
0.616	1	43.05	0.0307
0.6188	1	43.0679	0.0307
0.6215	1	43.0857	0.03069
0.6242	1	43.1034	0.03069
0.627	1	43.1211	0.03069
0.6297	1	43.1386	0.03068
0.6324	1	43.1561	0.03068
0.6352	1	43.1734	0.03067
0.6379	1	43.1907	0.03067
0.6407	1	43.2079	0.03067
0.6434	1	43.225	0.03066
0.6461	1	43.2421	0.03066
0.6489	1	43.259	0.03066
0.6516	1	43.2759	0.03065
0.6543	1	43.2926	0.03065
0.6571	1	43.3093	0.03065
0.6598	1	43.3259	0.03064
0.6626	1	43.3424	0.03064
0.6653	1	43.3589	0.03063
0.668	1	43.3753	0.03063
0.6708	1	43.3915	0.03063
0.6735	1	43.4077	0.03062
0.6762	1	43.4239	0.03062
0.679	1	43.4399	0.03062
0.6817	1	43.4559	0.03061
0.6845	1	43.4717	0.03061
0.6872	1	43.4876	0.03061
0.6899	1	43.5033	0.0306
0.6927	1	43.5189	0.0306
0.6954	1	43.5345	0.0306
0.6982	1	43.55	0.03059
0.7009	1	43.5654	0.03059
0.7036	1	43.5808	0.03059
0.7064	1	43.5961	0.03058
0.7091	1	43.6113	0.03058
0.7118	1	43.6264	0.03058
0.7146	1	43.6415	0.03057
0.7173	1	43.6564	0.03057
0.7201	1	43.6714	0.03057
0.7228	1	43.6862	0.03056
0.7255	1	43.701	0.03056
0.7283	1	43.7157	0.03056
0.731	1	43.7303	0.03055
0.7337	1	43.7449	0.03055
0.7365	1	43.7594	0.03055
0.7392	1	43.7738	0.03054
0.742	1	43.7882	0.03054
0.7447	1	43.8025	0.03054
0.7474	1	43.8167	0.03053
0.7502	1	43.8309	0.03053
0.7529	1	43.845	0.03053
0.7556	1	43.859	0.03052
0.7584	1	43.873	0.03052
0.7611	1	43.8869	0.03052
0.7639	1	43.9007	0.03051
0.7666	1	43.9145	0.03051
0.7693	1	43.9282	0.03051
0.7721	1	43.9419	0.0305
0.7748	1	43.9555	0.0305
0.7775	1	43.969	0.0305
0.7803	1	43.9824	0.03049
0.783	1	43.9959	0.03049
0.7858	1	44.0092	0.03049
0.7885	1	44.0225	0.03049
0.7912	1	44.0357	0.03048
0.794	1	44.0489	0.03048
0.7967	1	44.062	0.03048
0.7995	1	44.0751	0.03047
0.8022	1	44.088	0.03047
0.8049	1	44.101	0.03047
0.8077	1	44.1139	0.03046
0.8104	1	44.1267	0.03046
0.8131	1	44.1395	0.03046
0.8159	1	44.1522	0.03045
0.8186	1	44.1648	0.03045
0.8214	1	44.1774	0.03045
0.8241	1	44.19	0.03045
0.8268	1	44.2025	0.03044
0.8296	1	44.2149	0.03044
0.8323	1	44.2273	0.03044
0.835	1	44.2396	0.03043
0.8378	1	44.2519	0.03043
0.8405	1	44.2641	0.03043
0.8433	1	44.2763	0.03043
0.846	1	44.2884	0.03042
0.8487	1	44.3005	0.03042
0.8515	1	44.3125	0.03042
0.8542	1	44.3245	0.03041
0.8569	1	44.3364	0.03041
0.8597	1	44.3483	0.03041
0.86240000000000006	1	44.3601	0.0304
0.8652	1	44.3719	0.0304
0.8679	1	44.3836	0.0304
0.8706	1	44.3952	0.0304
0.8734	1	44.4069	0.03039
0.8761	1	44.4184	0.03039
0.8789	1	44.43	0.03039
0.8816	1	44.4414	0.03038
0.8843	1	44.4529	0.03038
0.8871	1	44.4643	0.03038
0.8898	1	44.4756	0.03038
0.8925	1	44.4869	0.03037
0.8953	1	44.4981	0.03037
0.898	1	44.5093	0.03037
0.9008	1	44.5205	0.03037
0.9035	1	44.5316	0.03036
0.9062	1	44.5427	0.03036
0.909	1	44.5537	0.03036
0.9117	1	44.5646	0.03035
0.9144	1	44.5756	0.03035
0.9172	1	44.5865	0.03035
0.9199	1	44.5973	0.03035
0.9227	1	44.6081	0.03034
0.9254	1	44.6189	0.03034
0.9281	1	44.6296	0.03034
0.9309	1	44.6402	0.03034
0.9336	1	44.6509	0.03033
0.9363	1	44.6615	0.03033
0.9391	1	44.672	0.03033
0.9418	1	44.6825	0.03032
0.9446	1	44.693	0.03032
0.9473	1	44.7034	0.03032
0.95	1	44.7138	0.03032
0.9528	1	44.7241	0.03031
0.9555	1	44.7344	0.03031
0.9582	1	44.7447	0.03031
0.961	1	44.7549	0.03031
0.9637	1	44.7651	0.0303
0.9665	1	44.7752	0.0303
0.9692	1	44.7853	0.0303
0.9719	1	44.7954	0.0303
0.9747	1	44.8054	0.03029
0.9774	1	44.8154	0.03029
0.9802	1	44.8254	0.03029
0.9829	1	44.8353	0.03028
0.9856	1	44.8452	0.03028
0.9884	1	44.855	0.03028
0.9911	1	44.8648	0.03028
0.9938	1	44.8746	0.03027
0.9966	1	44.8844	0.03027
0.9993	1	44.894	0.03027
1.0021	1	44.9037	0.03027
1.0048	1	44.9133	0.03026
1.0075	1	44.9229	0.03026
1.0103	1	44.9325	0.03026
1.013	1	44.942	0.03026
1.0157	1	44.9515	0.03025
1.0185	1	44.9609	0.03025
1.0212	1	44.9704	0.03025
1.024	1	44.9797	0.03025
1.0267	1	44.9891	0.03024
1.0294	1	44.9984	0.03024
1.0322	1	45.0077	0.03024
1.0349	1	45.0169	0.03024
1.0376	1	45.0262	0.03023
1.0404	1	45.0353	0.03023
1.0431	1	45.0445	0.03023
1.0459	1	45.0536	0.03023
1.0486	1	45.0627	0.03022
1.0513	1	45.0717	0.03022
1.0541	1	45.0808	0.03022
1.0568	1	45.0897	0.03022
1.0595	1	45.0987	0.03021
1.0623	1	45.1076	0.03021
1.065	1	45.1165	0.03021
1.0678	1	45.1254	0.03021
1.0705	1	45.1342	0.0302
1.0732	1	45.143	0.0302
1.076	1	45.1518	0.0302
1.0787	1	45.1605	0.0302
1.0815	1	45.1692	0.03019
1.0842	1	45.1779	0.03019
1.0869	1	45.1866	0.03019
1.0897	1	45.1952	0.03019
1.0924	1	45.2038	0.03019
1.0951	1	45.2124	0.03018
1.0979	1	45.2209	0.03018
1.1006	1	45.2294	0.03018
1.1034	1	45.2379	0.03018
1.1061	1	45.2463	0.03017
1.1088	1	45.2548	0.03017
1.1116	1	45.2632	0.03017
1.1143	1	45.2715	0.03017
1.117	1	45.2799	0.03016
1.1198	1	45.2882	0.03016
1.1225	1	45.2965	0.03016
1.1253	1	45.3047	0.03016
1.128	1	45.313	0.03015
1.1307	1	45.3212	0.03015
1.1335	1	45.3294	0.03015
1.1362	1	45.3375	0.03015
1.1389	1	45.3456	0.03015
1.1417	1	45.3537	0.03014
1.1444	1	45.3618	0.03014
1.1472	1	45.3699	0.03014
1.1499	1	45.3779	0.03014
1.1526	1	45.3859	0.03013
1.1554	1	45.3939	0.03013
1.1581	1	45.4018	0.03013
1.1608	1	45.4097	0.03013
1.1636	1	45.4176	0.03013
1.1663	1	45.4255	0.03012
1.1691	1	45.4334	0.03012
1.1718	1	45.4412	0.03012
1.1745	1	45.449	0.03012
1.1773	1	45.4568	0.03011
1.18	1	45.4645	0.03011
1.1828	1	45.4722	0.03011
1.1855	1	45.48	0.03011
1.1882	1	45.4876	0.0301
1.191	1	45.4953	0.0301
1.1937	1	45.5029	0.0301
1.1964	1	45.5105	0.0301
1.1992	1	45.5181	0.0301
1.2019	1	45.5257	0.03009
1.2047	1	45.5332	0.03009
1.2074	1	45.5408	0.03009
1.2101	1	45.5483	0.03009
1.2129	1	45.5558	0.03008
1.2156	1	45.5632	0.03008
1.2183	1	45.5706	0.03008
1.2211	1	45.5781	0.03008
1.2238	1	45.5854	0.03008
1.2266	1	45.5928	0.03007
1.2293	1	45.6002	0.03007
1.232	1	45.6075	0.03007
1.2348	1	45.6148	0.03007
1.2375	1	45.6221	0.03007
1.2402	1	45.6293	0.03006
1.243	1	45.6366	0.03006
1.2457	1	45.6438	0.03006
1.2485	1	45.651	0.03006
1.2512	1	45.6582	0.03005
1.2539	1	45.6654	0.03005
1.2567	1	45.6725	0.03005
1.2594	1	45.6796	0.03005
1.2621	1	45.6867	0.03005
1.2649	1	45.6938	0.03004
1.2676	1	45.7009	0.03004
1.2704	1	45.7079	0.03004
1.2731	1	45.715	0.03004
1.2758	1	45.722	0.03004
1.2786	1	45.729	0.03003
1.2813	1	45.7359	0.03003
1.2841	1	45.7429	0.03003
1.2868	1	45.7498	0.03003
1.2895	1	45.7567	0.03003
1.2923	1	45.7636	0.03002
1.295	1	45.7705	0.03002
1.2977	1	45.7774	0.03002
1.3005	1	45.7842	0.03002
1.3032	1	45.791	0.03001
1.306	1	45.7978	0.03001
1.3087	1	45.8046	0.03001
1.3114	1	45.8114	0.03001
1.3142	1	45.8182	0.03001
1.3169	1	45.8249	0.03
1.3196	1	45.8316	0.03
1.3224	1	45.8383	0.03
1.3251	1	45.845	0.03
1.3279	1	45.8517	0.03
1.3306	1	45.8583	0.02999
1.3333	1	45.865	0.02999
1.3361	1	45.8716	0.02999
1.3388	1	45.8782	0.02999
1.3415	1	45.8848	0.02999
1.3443	1	45.8914	0.02998
1.347	1	45.8979	0.02998
1.3498000000000001	1	45.9045	0.02998
1.3525	1	45.911	0.02998
1.3552	1	45.9175	0.02998
1.358	1	45.924	0.02997
1.3607	1	45.9305	0.02997
1.3634	1	45.937	0.02997
1.3662	1	45.9434	0.02997
1.3689	1	45.9499	0.02997
1.3717	1	45.9563	0.02996
1.3744	1	45.9627	0.02996
1.3771	1	45.9691	0.02996
1.3799	1	45.9755	0.02996
1.3826	1	45.9818	0.02996
1.3854	1	45.9882	0.02995
1.3881	1	45.9945	0.02995
1.3908	1	46.0008	0.02995
1.3936	1	46.0071	0.02995
1.3963	1	46.0134	0.02995
1.399	1	46.0197	0.02994
1.4018	1	46.026	0.02994
1.4045	1	46.0322	0.02994
1.4073	1	46.0385	0.02994
1.41	1	46.0447	0.02994
1.4127	1	46.0509	0.02993
1.4155	1	46.0571	0.02993
1.4182	1	46.0633	0.02993
1.4209	1	46.0694	0.02993
1.4237	1	46.0756	0.02993
1.4264	1	46.0818	0.02992
1.4292	1	46.0879	0.02992
1.4319	1	46.094	0.02992
1.4346	1	46.1001	0.02992
1.4374	1	46.1062	0.02992
1.4401	1	46.1123	0.02992
1.4428	1	46.1184	0.02991
1.4456	1	46.1244	0.02991
1.4483	1	46.1305	0.02991
1.4511	1	46.1365	0.02991
1.4538	1	46.1425	0.02991
1.4565	1	46.1485	0.0299
1.4593	1	46.1545	0.0299
1.462	1	46.1605	0.0299
1.4648	1	46.1665	0.0299
1.4675	1	46.1725	0.0299
1.4702	1	46.1784	0.02989
1.473	1	46.1843	0.02989
1.4757	1	46.1903	0.02989
1.4784	1	46.1962	0.02989
1.4812	1	46.2021	0.02989
1.4839	1	46.208	0.02989
1.4867	1	46.2139	0.02988
1.4894	1	46.2197	0.02988
1.4921	1	46.2256	0.02988
1.4949	1	46.2315	0.02988
1.4976	1	46.2373	0.02988
1.5003	1	46.2431	0.02987
1.5031	1	46.249	0.02987
1.5058	1	46.2548	0.02987
1.5086	1	46.2606	0.02987
1.5113	1	46.2663	0.02987
1.514	1	46.2721	0.02986
1.5168	1	46.2779	0.02986
1.5195	1	46.2837	0.02986
1.5222	1	46.2894	0.02986
1.525	1	46.2951	0.02986
1.5277	1	46.3009	0.02986
1.5305	1	46.3066	0.02985
1.5332	1	46.3123	0.02985
1.5359	1	46.318	0.02985
1.5387	1	46.3237	0.02985
1.5414	1	46.3294	0.02985
1.5441	1	46.335	0.02984
1.5469	1	46.3407	0.02984
1.5496	1	46.3463	0.02984
1.5524	1	46.352	0.02984
1.5551	1	46.3576	0.02984
1.5578	1	46.3632	0.02984
1.5606	1	46.3689	0.02983
1.5633	1	46.3745	0.02983
1.5661	1	46.3801	0.02983
1.5688	1	46.3857	0.02983
1.5715	1	46.3912	0.02983
1.5743	1	46.3968	0.02983
1.577	1	46.4024	0.02982
1.5797	1	46.4079	0.02982
1.5825	1	46.4135	0.02982
1.5852	1	46.419	0.02982
1.588	1	46.4245	0.02982
1.5907	1	46.4301	0.02981
1.5934	1	46.4356	0.02981
1.5962	1	46.4411	0.02981
1.5989	1	46.4466	0.02981
1.6016	1	46.4521	0.02981
1.6044	1	46.4575	0.02981
1.6071	1	46.463	0.0298
1.6099	1	46.4685	0.0298
1.6126	1	46.4739	0.0298
1.6153	1	46.4794	0.0298
1.6181	1	46.4848	0.0298
1.6208	1	46.4902	0.0298
1.6235	1	46.4957	0.02979
1.6263	1	46.5011	0.02979
1.629	1	46.5065	0.02979
1.6318	1	46.5119	0.02979
1.6345	1	46.5173	0.02979
1.6372	1	46.5227	0.02978
1.64	1	46.528	0.02978
1.6427	1	46.5334	0.02978
1.6454	1	46.5388	0.02978
1.6482	1	46.5441	0.02978
1.6509	1	46.5495	0.02978
1.6537	1	46.5548	0.02977
1.6564	1	46.5601	0.02977
1.6591	1	46.5655	0.02977
1.6619	1	46.5708	0.02977
1.6646	1	46.5761	0.02977
1.6674	1	46.5814	0.02977
1.6701	1	46.5867	0.029760000000000002
1.6728	1	46.592	0.029760000000000002
1.6756	1	46.5973	0.029760000000000002
1.6783	1	46.6026	0.029760000000000002
1.681	1	46.6078	0.029760000000000002
1.6838	1	46.6131	0.029760000000000002
1.6865	1	46.6183	0.02975
1.6893	1	46.6236	0.02975
1.692	1	46.6288	0.02975
1.6947	1	46.6341	0.02975
1.6975	1	46.6393	0.02975
1.7002	1	46.6445	0.02975
1.7029	1	46.6497	0.02974
1.7057	1	46.655	0.02974
1.7084	1	46.6602	0.02974
1.7112	1	46.6654	0.02974
1.7139	1	46.6706	0.02974
1.7166	1	46.6757	0.02974
1.7194	1	46.6809	0.02973
1.7221	1	46.6861	0.02973
1.7248000000000001	1	46.6913	0.02973
1.7276	1	46.6964	0.02973
1.7303	1	46.7016	0.02973
1.7331	1	46.7067	0.02973
1.7358	1	46.7119	0.02972
1.7385	1	46.717	0.02972
1.7413	1	46.7221	0.02972
1.744	1	46.7273	0.02972
1.7467	1	46.7324	0.02972
1.7495	1	46.7375	0.02972
1.7522	1	46.7426	0.02971
1.755	1	46.7477	0.02971
1.7577	1	46.7528	0.02971
1.7604	1	46.7579	0.02971
1.7632	1	46.763	0.02971
1.7659	1	46.768	0.02971
1.7687	1	46.7731	0.0297
1.7714	1	46.7782	0.0297
1.7741	1	46.7832	0.0297
1.7769	1	46.7883	0.0297
1.7796	1	46.7933	0.0297
1.7823	1	46.7984	0.0297
1.7851	1	46.8034	0.0297
1.7878	1	46.8084	0.02969
1.7906	1	46.8135	0.02969
1.7933	1	46.8185	0.02969
1.796	1	46.8235	0.02969
1.7988	1	46.8285	0.02969
1.8015	1	46.8335	0.02969
1.8042	1	46.8385	0.02968
1.807	1	46.8435	0.02968
1.8097	1	46.8485	0.02968
1.8125	1	46.8535	0.02968
1.8152	1	46.8584	0.02968
1.8179	1	46.8634	0.02968
1.8207	1	46.8684	0.02967
1.8234	1	46.8733	0.02967
1.8261	1	46.8783	0.02967
1.8289	1	46.8832	0.02967
1.8316	1	46.8882	0.02967
1.8344	1	46.8931	0.02967
1.8371	1	46.8981	0.02966
1.8398	1	46.903	0.02966
1.8426	1	46.9079	0.02966
1.8453	1	46.9128	0.02966
1.848	1	46.9177	0.02966
1.8508	1	46.9227	0.02966
1.8535	1	46.9276	0.02966
1.8563	1	46.9325	0.02965
1.859	1	46.9373	0.02965
1.8617	1	46.9422	0.02965
1.8645	1	46.9471	0.02965
1.8672	1	46.952	0.02965
1.87	1	46.9569	0.02965
1.8727	1	46.9617	0.02964
1.8754	1	46.9666	0.02964
1.8782	1	46.9714	0.02964
1.8809	1	46.9763	0.02964
1.8836	1	46.9811	0.02964
1.8864	1	46.986	0.02964
1.8891	1	46.9908	0.02964
1.8919	1	46.9956	0.02963
1.8946	1	47.0004	0.02963
1.8973	1	47.0053	0.02963
1.9001	1	47.0101	0.02963
1.9028	1	47.0149	0.02963
1.9055	1	47.0197	0.02963
1.9083	1	47.0245	0.02962
1.911	1	47.0293	0.02962
1.9138	1	47.0341	0.02962
1.9165	1	47.0388	0.02962
1.9192	1	47.0436	0.02962
1.922	1	47.0484	0.02962
1.9247	1	47.0532	0.02962
1.9274	1	47.0579	0.02961
1.9302	1	47.0627	0.02961
1.9329	1	47.0674	0.02961
1.9357	1	47.0722	0.02961
1.9384	1	47.0769	0.02961
1.9411	1	47.0816	0.02961
1.9439	1	47.0864	0.02961
1.9466	1	47.0911	0.0296
1.9493	1	47.0958	0.0296
1.9521	1	47.1005	0.0296
1.9548	1	47.1052	0.0296
1.9576	1	47.1099	0.0296
1.9603	1	47.1146	0.0296
1.963	1	47.1193	0.02959
1.9658	1	47.124	0.02959
1.9685	1	47.1287	0.02959
1.9713	1	47.1334	0.02959
1.974	1	47.138	0.02959
1.9767	1	47.1427	0.02959
1.9795	1	47.1474	0.02959
1.9822	1	47.152	0.02958
1.9849	1	47.1567	0.02958
1.9877	1	47.1613	0.02958
1.9904	1	47.166	0.02958
1.9932	1	47.1706	0.02958
1.9959	1	47.1752	0.02958
1.9986	1	47.1799	0.02958
2.0014	1	47.1845	0.02957
2.0041	1	47.1891	0.02957
2.0068	1	47.1937	0.02957
2.0096	1	47.1983	0.02957
2.0123	1	47.2029	0.02957
2.0151	1	47.2075	0.02957
2.0178	1	47.2121	0.02957
2.0205	1	47.2167	0.02956
2.0233	1	47.2213	0.02956
2.026	1	47.2258	0.02956
2.0287	1	47.2304	0.02956
2.0315	1	47.235	0.02956
2.0342	1	47.2395	0.02956
2.037	1	47.2441	0.02955
2.0397	1	47.2486	0.02955
2.0424	1	47.2532	0.02955
2.0452	1	47.2577	0.02955
2.0479	1	47.2622	0.02955
2.0507	1	47.2668	0.02955
2.0534	1	47.2713	0.02955
2.0561	1	47.2758	0.02954
2.0589	1	47.2803	0.02954
2.0616	1	47.2848	0.02954
2.0643	1	47.2893	0.02954
2.0671	1	47.2938	0.02954
2.0698	1	47.2983	0.02954
2.0726	1	47.3028	0.02954
2.0753	1	47.3073	0.02953
2.078	1	47.3117	0.02953
2.0808	1	47.3162	0.02953
2.0835	1	47.3207	0.02953
2.0862	1	47.3251	0.02953
2.089	1	47.3296	0.02953
2.0917	1	47.334	0.02953
2.0945	1	47.3385	0.02952
2.0972	1	47.3429	0.02952
2.0999	1	47.3473	0.02952
2.1027	1	47.3517	0.02952
2.1054	1	47.3562	0.02952
2.1081	1	47.3606	0.02952
2.1109	1	47.365	0.02952
2.1136	1	47.3694	0.02952
2.1164	1	47.3738	0.02951
2.1191	1	47.3782	0.02951
2.1218	1	47.3826	0.02951
2.1246	1	47.387	0.02951
2.1273	1	47.3913	0.02951
2.13	1	47.3957	0.02951
2.1328	1	47.4001	0.02951
2.1355	1	47.4044	0.0295
2.1383	1	47.4088	0.0295
2.141	1	47.4131	0.0295
2.1437	1	47.4175	0.0295
2.1465	1	47.4218	0.0295
2.1492	1	47.4261	0.0295
2.152	1	47.4305	0.0295
2.1547	1	47.4348	0.02949
2.1574	1	47.4391	0.02949
2.1602	1	47.4434	0.02949
2.1629	1	47.4477	0.02949
2.1656	1	47.452	0.02949
2.1684	1	47.4563	0.02949
2.1711	1	47.4606	0.02949
2.1739	1	47.4649	0.02948
2.1766	1	47.4692	0.02948
2.1793	1	47.4734	0.02948
2.1821	1	47.4777	0.02948
2.1848	1	47.482	0.02948
2.1875	1	47.4862	0.02948
2.1903	1	47.4905	0.02948
2.193	1	47.4947	0.02947
2.1958	1	47.4989	0.02947
2.1985	1	47.5032	0.02947
2.2012	1	47.5074	0.02947
2.204	1	47.5116	0.02947
2.2067	1	47.5158	0.02947
2.2094	1	47.52	0.02947
2.2122	1	47.5242	0.02947
2.2149	1	47.5284	0.02946
2.2177	1	47.5326	0.02946
2.2204	1	47.5368	0.02946
2.2231	1	47.541	0.02946
2.2259	1	47.5452	0.02946
2.2286	1	47.5493	0.02946
2.2313	1	47.5535	0.02946
2.2341	1	47.5577	0.02945
2.2368	1	47.5618	0.02945
2.2396	1	47.566	0.02945
2.2423	1	47.5701	0.02945
2.245	1	47.5742	0.02945
2.2478	1	47.5784	0.02945
2.2505	1	47.5825	0.02945
2.2533	1	47.5866	0.02945
2.256	1	47.5907	0.02944
2.2587	1	47.5948	0.02944
2.2615	1	47.5989	0.02944
2.2642	1	47.603	0.02944
2.2669	1	47.6071	0.02944
2.2697	1	47.6112	0.02944
2.2724	1	47.6153	0.02944
2.2752	1	47.6193	0.02943
2.2779	1	47.6234	0.02943
2.2806	1	47.6275	0.02943
2.2834	1	47.6315	0.02943
2.2861	1	47.6356	0.02943
2.2888	1	47.6396	0.02943
2.2916	1	47.6436	0.02943
2.2943	1	47.6477	0.02943
2.2971	1	47.6517	0.02942
2.2998	1	47.6557	0.02942
2.3025	1	47.6597	0.02942
2.3053	1	47.6637	0.02942
2.308	1	47.6677	0.02942
2.3107	1	47.6717	0.02942
2.3135	1	47.6757	0.02942
2.3162	1	47.6797	0.02941
2.319	1	47.6837	0.02941
2.3217	1	47.6877	0.02941
2.3244	1	47.6916	0.02941
2.3272	1	47.6956	0.02941
2.3299	1	47.6995	0.02941
2.3326	1	47.7035	0.02941
2.3354	1	47.7074	0.02941
2.3381	1	47.7114	0.0294
2.3409	1	47.7153	0.0294
2.3436	1	47.7192	0.0294
2.3463	1	47.7232	0.0294
2.3491	1	47.7271	0.0294
2.3518	1	47.731	0.0294
2.3546	1	47.7349	0.0294
2.3573	1	47.7388	0.0294
2.36	1	47.7427	0.02939
2.3628	1	47.7466	0.02939
2.3655	1	47.7504	0.02939
2.3682	1	47.7543	0.02939
2.371	1	47.7582	0.02939
2.3737	1	47.762	0.02939
2.3765	1	47.7659	0.02939
2.3792	1	47.7698	0.02939
2.3819	1	47.7736	0.02938
2.3847	1	47.7774	0.02938
2.3874	1	47.7813	0.02938
2.3901	1	47.7851	0.02938
2.3929	1	47.7889	0.02938
2.3956	1	47.7927	0.02938
2.3984	1	47.7966	0.02938
2.4011	1	47.8004	0.02938
2.4038	1	47.8042	0.02937
2.4066	1	47.808	0.02937
2.4093	1	47.8117	0.02937
2.412	1	47.8155	0.02937
2.4148	1	47.8193	0.02937
2.4175	1	47.8231	0.02937
2.4203	1	47.8268	0.02937
2.423	1	47.8306	0.02937
2.4257	1	47.8344	0.02936
2.4285	1	47.8381	0.02936
2.4312	1	47.8418	0.02936
2.4339	1	47.8456	0.02936
2.4367	1	47.8493	0.02936
2.4394	1	47.853	0.02936
2.4422	1	47.8568	0.02936
2.4449	1	47.8605	0.02935
2.4476	1	47.8642	0.02935
2.4504	1	47.8679	0.02935
2.4531	1	47.8716	0.02935
2.4559	1	47.8753	0.02935
2.4586	1	47.879	0.02935
2.4613	1	47.8826	0.02935
2.4641	1	47.8863	0.02935
2.4668	1	47.89	0.02935
2.4695	1	47.8936	0.02934
2.4723	1	47.8973	0.02934
2.475	1	47.9009	0.02934
2.4778	1	47.9046	0.02934
2.4805	1	47.9082	0.02934
2.4832	1	47.9119	0.02934
2.486	1	47.9155	0.02934
2.4887	1	47.9191	0.02934
2.4914	1	47.9227	0.02933
2.4942	1	47.9264	0.02933
2.4969	1	47.93	0.02933
2.4997	1	47.9336	0.02933
2.5024	1	47.9372	0.02933
2.5051	1	47.9407	0.02933
2.5079	1	47.9443	0.02933
2.5106	1	47.9479	0.02933
2.5133	1	47.9515	0.02932
2.5161	1	47.9551	0.02932
2.5188	1	47.9586	0.02932
2.5216	1	47.9622	0.02932
2.5243	1	47.9657	0.02932
2.527	1	47.9693	0.02932
2.5298	1	47.9728	0.02932
2.5325	1	47.9764	0.02932
2.5352	1	47.9799	0.02931
2.538	1	47.9834	0.02931
2.5407	1	47.9869	0.02931
2.5435	1	47.9904	0.02931
2.5462	1	47.9939	0.02931
2.5489	1	47.9975	0.02931
2.5517	1	48.0009	0.02931
2.5544	1	48.0044	0.02931
2.5572	1	48.0079	0.0293
2.5599	1	48.0114	0.0293
2.5626	1	48.0149	0.0293
2.5654	1	48.0184	0.0293
2.5681	1	48.0218	0.0293
2.5708	1	48.0253	0.0293
2.5736	1	48.0287	0.0293
2.5763	1	48.0322	0.0293
2.5791	1	48.0356	0.0293
2.5818	1	48.0391	0.02929
2.5845	1	48.0425	0.02929
2.5873	1	48.0459	0.02929
2.59	1	48.0494	0.02929
2.5927	1	48.0528	0.02929
2.5955	1	48.0562	0.02929
2.5982	1	48.0596	0.02929
2.601	1	48.063	0.02929
2.6037	1	48.0664	0.02928
2.6064	1	48.0698	0.02928
2.6092	1	48.0732	0.02928
2.6119	1	48.0766	0.02928
2.6146	1	48.08	0.02928
2.6174	1	48.0833	0.02928
2.6201	1	48.0867	0.02928
2.6229	1	48.0901	0.02928
2.6256	1	48.0934	0.02927
2.6283	1	48.0968	0.02927
2.6311	1	48.1001	0.02927
2.6338	1	48.1035	0.02927
2.6366	1	48.1068	0.02927
2.6393	1	48.1101	0.02927
2.642	1	48.1135	0.02927
2.6448	1	48.1168	0.02927
2.6475	1	48.1201	0.02927
2.6502	1	48.1234	0.02926
2.653	1	48.1267	0.02926
2.6557	1	48.13	0.02926
2.6585	1	48.1333	0.02926
2.6612	1	48.1366	0.02926
2.6639	1	48.1399	0.02926
2.6667	1	48.1432	0.02926
2.6694	1	48.1465	0.02926
2.6721	1	48.1497	0.02925
2.6749	1	48.153	0.02925
2.6776	1	48.1563	0.02925
2.6804	1	48.1595	0.02925
2.6831	1	48.1628	0.02925
2.6858	1	48.166	0.02925
2.6886	1	48.1693	0.02925
2.6913	1	48.1725	0.02925
2.694	1	48.1757	0.02925
2.6968	1	48.179	0.02924
2.6995	1	48.1822	0.02924
2.7023	1	48.1854	0.02924
2.705	1	48.1886	0.02924
2.7077	1	48.1919	0.02924
2.7105	1	48.1951	0.02924
2.7132	1	48.1983	0.02924
2.7159	1	48.2015	0.02924
2.7187	1	48.2047	0.02924
2.7214	1	48.2078	0.02923
2.7242	1	48.211	0.02923
2.7269	1	48.2142	0.02923
2.7296	1	48.2174	0.02923
2.7324	1	48.2205	0.02923
2.7351	1	48.2237	0.02923
2.7379	1	48.2269	0.02923
2.7406	1	48.23	0.02923
2.7433	1	48.2332	0.02923
2.7461	1	48.2363	0.02922
2.7488	1	48.2395	0.02922
2.7515	1	48.2426	0.02922
2.7543	1	48.2457	0.02922
2.757	1	48.2489	0.02922
2.7598	1	48.252	0.02922
2.7625	1	48.2551	0.02922
2.7652	1	48.2582	0.02922
2.768	1	48.2613	0.02921
2.7707	1	48.2644	0.02921
2.7734	1	48.2676	0.02921
2.7762	1	48.2706	0.02921
2.7789	1	48.2737	0.02921
2.7817	1	48.2768	0.02921
2.7844	1	48.2799	0.02921
2.7871	1	48.283	0.02921
2.7899	1	48.2861	0.02921
2.7926	1	48.2891	0.0292
2.7953	1	48.2922	0.0292
2.7981	1	48.2953	0.0292
2.8008	1	48.2983	0.0292
2.8036	1	48.3014	0.0292
2.8063	1	48.3044	0.0292
2.809	1	48.3075	0.0292
2.8118	1	48.3105	0.0292
2.8145	1	48.3136	0.0292
2.8172	1	48.3166	0.02919
2.82	1	48.3196	0.02919
2.8227	1	48.3226	0.02919
2.8255	1	48.3257	0.02919
2.8282	1	48.3287	0.02919
2.8309	1	48.3317	0.02919
2.8337	1	48.3347	0.02919
2.8364	1	48.3377	0.02919
2.8392	1	48.3407	0.02919
2.8419	1	48.3437	0.02918
2.8446	1	48.3467	0.02918
2.8474	1	48.3497	0.02918
2.8501	1	48.3527	0.02918
2.8528	1	48.3556	0.02918
2.8556	1	48.3586	0.02918
2.8583	1	48.3616	0.02918
2.8611	1	48.3645	0.02918
2.8638	1	48.3675	0.02918
2.8665	1	48.3705	0.02917
2.8693	1	48.3734	0.02917
2.872	1	48.3764	0.02917
2.8747	1	48.3793	0.02917
2.8775	1	48.3823	0.02917
2.8802	1	48.3852	0.02917
2.883	1	48.3881	0.02917
2.8857	1	48.3911	0.02917
2.8884	1	48.394	0.02917
2.8912	1	48.3969	0.02916
2.8939	1	48.3998	0.02916
2.8966	1	48.4027	0.02916
2.8994	1	48.4056	0.02916
2.9021	1	48.4085	0.02916
2.9049	1	48.4114	0.02916
2.9076	1	48.4143	0.02916
2.9103	1	48.4172	0.02916
2.9131	1	48.4201	0.02916
2.9158	1	48.423	0.02916
2.9185	1	48.4259	0.02915
2.9213	1	48.4288	0.02915
2.924	1	48.4317	0.02915
2.9268	1	48.4345	0.02915
2.9295	1	48.4374	0.02915
2.9322	1	48.4403	0.02915
2.935	1	48.4431	0.02915
2.9377	1	48.446	0.02915
2.9405	1	48.4488	0.02915
2.9432	1	48.4517	0.02914
2.9459	1	48.4545	0.02914
2.9487	1	48.4574	0.02914
2.9514	1	48.4602	0.02914
2.9541	1	48.463	0.02914
2.9569	1	48.4659	0.02914
2.9596	1	48.4687	0.02914
2.9624	1	48.4715	0.02914
2.9651	1	48.4743	0.02914
2.9678	1	48.4771	0.02913
2.9706	1	48.4799	0.02913
2.9733	1	48.4828	0.02913
2.976	1	48.4856	0.02913
2.9788	1	48.4884	0.02913
2.9815	1	48.4912	0.02913
2.9843	1	48.4939	0.02913
2.987	1	48.4967	0.02913
2.9897	1	48.4995	0.02913
2.9925	1	48.5023	0.02912
2.9952	1	48.5051	0.02912
2.9979	1	48.5079	0.02912
3.0007	1	48.5106	0.02912
3.0034	1	48.5134	0.02912
3.0062	1	48.5162	0.02912
3.0089	1	48.5189	0.02912
3.0116	1	48.5217	0.02912
3.0144	1	48.5244	0.02912
3.0171	1	48.5272	0.02912
3.0198	1	48.5299	0.02911
3.0226	1	48.5327	0.02911
3.0253	1	48.5354	0.02911
3.0281	1	48.5381	0.02911
3.0308	1	48.5409	0.02911
3.0335	1	48.5436	0.02911
3.0363	1	48.5463	0.02911
3.039	1	48.5491	0.02911
3.0418	1	48.5518	0.02911
3.0445	1	48.5545	0.0291
3.0472	1	48.5572	0.0291
3.05	1	48.5599	0.0291
3.0527	1	48.5626	0.0291
3.0554	1	48.5653	0.0291
3.0582	1	48.568	0.0291
3.0609	1	48.5707	0.0291
3.0637	1	48.5734	0.0291
3.0664	1	48.5761	0.0291
3.0691	1	48.5788	0.0291
3.0719	1	48.5814	0.02909
3.0746000000000002	1	48.5841	0.02909
3.0773	1	48.5868	0.02909
3.0801	1	48.5895	0.02909
3.0828	1	48.5921	0.02909
3.0856	1	48.5948	0.02909
3.0883	1	48.5974	0.02909
3.091	1	48.6001	0.02909
3.0938	1	48.6028	0.02909
3.0965	1	48.6054	0.02909
3.0992	1	48.6081	0.02908
3.102	1	48.6107	0.02908
3.1047	1	48.6133	0.02908
3.1075	1	48.616	0.02908
3.1102	1	48.6186	0.02908
3.1129	1	48.6212	0.02908
3.1157	1	48.6239	0.02908
3.1184	1	48.6265	0.02908
3.1211	1	48.6291	0.02908
3.1239	1	48.6317	0.02907
3.1266	1	48.6343	0.02907
3.1294	1	48.637	0.02907
3.1321	1	48.6396	0.02907
3.1348	1	48.6422	0.02907
3.1376	1	48.6448	0.02907
3.1403	1	48.6474	0.02907
3.1431	1	48.65	0.02907
3.1458	1	48.6525	0.02907
3.1485	1	48.6551	0.02907
3.1513	1	48.6577	0.02906
3.154	1	48.6603	0.02906
3.1567	1	48.6629	0.02906
3.1595	1	48.6655	0.02906
3.1622	1	48.668	0.02906
3.165	1	48.6706	0.02906
3.1677	1	48.6732	0.02906
3.1704	1	48.6757	0.02906
3.1732	1	48.6783	0.02906
3.1759	1	48.6808	0.02906
3.1786	1	48.6834	0.02905
3.1814	1	48.686	0.02905
3.1841	1	48.6885	0.02905
3.1869	1	48.691	0.02905
3.1896	1	48.693600000000004	0.02905
3.1923	1	48.6961	0.02905
3.1951	1	48.6987	0.02905
3.1978	1	48.7012	0.02905
3.2005	1	48.7037	0.02905
3.2033	1	48.7062	0.02905
3.206	1	48.7088	0.02904
3.2088	1	48.7113	0.02904
3.2115	1	48.7138	0.02904
3.2142	1	48.7163	0.02904
3.217	1	48.7188	0.02904
3.2197	1	48.7213	0.02904
3.2225	1	48.7238	0.02904
3.2252	1	48.7263	0.02904
3.2279	1	48.7288	0.02904
3.2307	1	48.7313	0.02904
3.2334	1	48.7338	0.02903
3.2361	1	48.7363	0.02903
3.2389	1	48.7388	0.02903
3.2416	1	48.7413	0.02903
3.2444	1	48.7438	0.02903
3.2471	1	48.7463	0.02903
3.2498	1	48.7487	0.02903
3.2526	1	48.7512	0.02903
3.2553	1	48.7537	0.02903
3.258	1	48.756100000000004	0.02903
3.2608	1	48.7586	0.02902
3.2635	1	48.7611	0.02902
3.2663	1	48.7635	0.02902
3.269	1	48.766	0.02902
3.2717	1	48.7684	0.02902
3.2745	1	48.7709	0.02902
3.2772	1	48.7733	0.02902
3.2799	1	48.7758	0.02902
3.2827	1	48.7782	0.02902
3.2854	1	48.7806	0.02902
3.2882	1	48.7831	0.02901
3.2909	1	48.7855	0.02901
3.2936	1	48.7879	0.02901
3.2964	1	48.7903	0.02901
3.2991	1	48.7928	0.02901
3.3018	1	48.7952	0.02901
3.3046	1	48.7976	0.02901
3.3073	1	48.8	0.02901
3.3101	1	48.8024	0.02901
3.3128	1	48.8048	0.02901
3.3155	1	48.8072	0.029
3.3183	1	48.8096	0.029
3.321	1	48.812	0.029
3.3238	1	48.8144	0.029
3.3265	1	48.8168	0.029
3.3292	1	48.8192	0.029
3.332	1	48.8216	0.029
3.3347	1	48.824	0.029
3.3374	1	48.8264	0.029
3.3402	1	48.8288	0.029
3.3429	1	48.8311	0.02899
3.3457	1	48.8335	0.02899
3.3484	1	48.8359	0.02899
3.3511	1	48.8382	0.02899
3.3539	1	48.8406	0.02899
3.3566	1	48.843	0.02899
3.3593	1	48.8453	0.02899
3.3621	1	48.8477	0.02899
3.3648	1	48.85	0.02899
3.3676	1	48.8524	0.02899
3.3703	1	48.8547	0.02899
3.373	1	48.8571	0.02898
3.3758	1	48.8594	0.02898
3.3785	1	48.8618	0.02898
3.3812	1	48.8641	0.02898
3.384	1	48.8664	0.02898
3.3867	1	48.8688	0.02898
3.3895	1	48.8711	0.02898
3.3922	1	48.8734	0.02898
3.3949	1	48.8757	0.02898
3.3977	1	48.8781	0.02898
3.4004	1	48.8804	0.02897
3.4031	1	48.8827	0.02897
3.4059	1	48.885	0.02897
3.4086	1	48.8873	0.02897
3.4114	1	48.8896	0.02897
3.4141	1	48.8919	0.02897
3.4168	1	48.8942	0.02897
3.4196	1	48.8965	0.02897
3.4223	1	48.8988	0.02897
3.4251	1	48.9011	0.02897
3.4278	1	48.9034	0.02897
3.4305	1	48.9057	0.02896
3.4333	1	48.908	0.02896
3.436	1	48.9103	0.02896
3.4387	1	48.9126	0.02896
3.4415	1	48.9148	0.02896
3.4442	1	48.9171	0.02896
3.447	1	48.9194	0.02896
3.4497	1	48.9217	0.02896
3.4524	1	48.9239	0.02896
3.4552	1	48.9262	0.02896
3.4579	1	48.9284	0.02895
3.4606	1	48.9307	0.02895
3.4634	1	48.933	0.02895
3.4661	1	48.9352	0.02895
3.4689	1	48.9375	0.02895
3.4716	1	48.9397	0.02895
3.4743	1	48.942	0.02895
3.4771	1	48.9442	0.02895
3.4798	1	48.9465	0.02895
3.4825	1	48.9487	0.02895
3.4853	1	48.9509	0.02895
3.488	1	48.9532	0.02894
3.4908	1	48.9554	0.02894
3.4935	1	48.9576	0.02894
3.4962	1	48.9598	0.02894
3.499	1	48.9621	0.02894
3.5017	1	48.9643	0.02894
3.5044	1	48.9665	0.02894
3.5072	1	48.9687	0.02894
3.5099	1	48.9709	0.02894
3.5127	1	48.9732	0.02894
3.5154	1	48.9754	0.02893
3.5181	1	48.9776	0.02893
3.5209	1	48.9798	0.02893
3.5236	1	48.982	0.02893
3.5264	1	48.9842	0.02893
3.5291	1	48.9864	0.02893
3.5318	1	48.9886	0.02893
3.5346	1	48.9908	0.02893
3.5373	1	48.9929	0.02893
3.54	1	48.9951	0.02893
3.5428	1	48.9973	0.02893
3.5455	1	48.9995	0.02892
3.5483	1	49.0017	0.02892
3.551	1	49.0039	0.02892
3.5537	1	49.006	0.02892
3.5565	1	49.0082	0.02892
3.5592	1	49.0104	0.02892
3.5619	1	49.0125	0.02892
3.5647	1	49.0147	0.02892
3.5674	1	49.0169	0.02892
3.5702	1	49.019	0.02892
3.5729	1	49.0212	0.02892
3.5756	1	49.0233	0.02891
3.5784	1	49.0255	0.02891
3.5811	1	49.0276	0.02891
3.5838	1	49.0298	0.02891
3.5866	1	49.0319	0.02891
3.5893	1	49.0341	0.02891
3.5921	1	49.0362	0.02891
3.5948	1	49.0384	0.02891
3.5975	1	49.0405	0.02891
3.6003	1	49.0426	0.02891
3.603	1	49.0448	0.02891
3.6057	1	49.0469	0.0289
3.6085	1	49.049	0.0289
3.6112	1	49.0511	0.0289
3.614	1	49.0533	0.0289
3.6167	1	49.0554	0.0289
3.6194	1	49.0575	0.0289
3.6222	1	49.0596	0.0289
3.6249	1	49.0617	0.0289
3.6277	1	49.0638	0.0289
3.6304	1	49.066	0.0289
3.6331	1	49.0681	0.0289
3.6359	1	49.0702	0.02889
3.6386	1	49.0723	0.02889
3.6413	1	49.0744	0.02889
3.6441	1	49.0765	0.02889
3.6468	1	49.0786	0.02889
3.6496	1	49.0807	0.02889
3.6523	1	49.0828	0.02889
3.655	1	49.0848	0.02889
3.6578	1	49.0869	0.02889
3.6605	1	49.089	0.02889
3.6632	1	49.0911	0.02889
3.666	1	49.0932	0.02888
3.6687	1	49.0953	0.02888
3.6715	1	49.0973	0.02888
3.6742	1	49.0994	0.02888
3.6769	1	49.1015	0.02888
3.6797	1	49.1035	0.02888
3.6824	1	49.1056	0.02888
3.6851	1	49.1077	0.02888
3.6879	1	49.1097	0.02888
3.6906	1	49.1118	0.02888
3.6934	1	49.1139	0.02888
3.6961	1	49.1159	0.02887
3.6988	1	49.118	0.02887
3.7016	1	49.12	0.02887
3.7043	1	49.1221	0.02887
3.707	1	49.1241	0.02887
3.7098	1	49.1262	0.02887
3.7125	1	49.1282	0.02887
3.7153	1	49.1303	0.02887
3.718	1	49.1323	0.02887
3.7207	1	49.1343	0.02887
3.7235	1	49.1364	0.02887
3.7262	1	49.1384	0.02886
3.729	1	49.1404	0.02886
3.7317	1	49.1425	0.02886
3.7344	1	49.1445	0.02886
3.7372	1	49.1465	0.02886
3.7399	1	49.1485	0.02886
3.7426	1	49.1506	0.02886
3.7454	1	49.1526	0.02886
3.7481	1	49.1546	0.02886
3.7509	1	49.1566	0.02886
3.7536	1	49.1586	0.02886
3.7563	1	49.1607	0.02885
3.7591	1	49.1627	0.02885
3.7618	1	49.1647	0.02885
3.7645	1	49.1667	0.02885
3.7673	1	49.1687	0.02885
3.77	1	49.1707	0.02885
3.7728	1	49.1727	0.02885
3.7755	1	49.1747	0.02885
3.7782	1	49.1767	0.02885
3.781	1	49.1787	0.02885
3.7837	1	49.1807	0.02885
3.7864	1	49.1826	0.02885
3.7892	1	49.1846	0.02884
3.7919	1	49.1866	0.02884
3.7947	1	49.1886	0.02884
3.7974	1	49.1906	0.02884
3.8001	1	49.1926	0.02884
3.8029	1	49.1945	0.02884
3.8056	1	49.1965	0.02884
3.8084	1	49.1985	0.02884
3.8111	1	49.2005	0.02884
3.8138	1	49.2024	0.02884
3.8166	1	49.2044	0.02884
3.8193	1	49.2064	0.02883
3.822	1	49.2083	0.02883
3.8248	1	49.2103	0.02883
3.8275	1	49.2123	0.02883
3.8303	1	49.2142	0.02883
3.833	1	49.2162	0.02883
3.8357	1	49.2181	0.02883
3.8385	1	49.2201	0.02883
3.8412	1	49.222	0.02883
3.8439	1	49.224	0.02883
3.8467	1	49.2259	0.02883
3.8494	1	49.2279	0.02883
3.8522	1	49.2298	0.02882
3.8549	1	49.2318	0.02882
3.8576	1	49.2337	0.02882
3.8604	1	49.2356	0.02882
3.8631	1	49.2376	0.02882
3.8658	1	49.2395	0.02882
3.8686	1	49.2414	0.02882
3.8713	1	49.2434	0.02882
3.8741	1	49.2453	0.02882
3.8768	1	49.2472	0.02882
3.8795	1	49.2492	0.02882
3.8823	1	49.2511	0.02881
3.885	1	49.253	0.02881
3.8877	1	49.2549	0.02881
3.8905	1	49.2568	0.02881
3.8932	1	49.2588	0.02881
3.896	1	49.2607	0.02881
3.8987	1	49.2626	0.02881
3.9014	1	49.2645	0.02881
3.9042	1	49.2664	0.02881
3.9069	1	49.2683	0.02881
3.9097	1	49.2702	0.02881
3.9124	1	49.2721	0.02881
3.9151	1	49.274	0.0288
3.9179	1	49.2759	0.0288
3.9206	1	49.2778	0.0288
3.9233	1	49.2797	0.0288
3.9261	1	49.2816	0.0288
3.9288	1	49.2835	0.0288
3.9316	1	49.2854	0.0288
3.9343	1	49.2873	0.0288
3.937	1	49.2892	0.0288
3.9398	1	49.2911	0.0288
3.9425	1	49.2929	0.0288
3.9452	1	49.2948	0.0288
3.948	1	49.2967	0.02879
3.9507	1	49.2986	0.02879
3.9535	1	49.3005	0.02879
3.9562	1	49.3023	0.02879
3.9589	1	49.3042	0.02879
3.9617	1	49.3061	0.02879
3.9644	1	49.308	0.02879
3.9671	1	49.3098	0.02879
3.9699	1	49.3117	0.02879
3.9726	1	49.3136	0.02879
3.9754	1	49.3154	0.02879
3.9781	1	49.3173	0.02878
3.9808	1	49.3191	0.02878
3.9836	1	49.321	0.02878
3.9863	1	49.3229	0.02878
3.989	1	49.3247	0.02878
3.9918	1	49.3266	0.02878
3.9945	1	49.3284	0.02878
3.9973	1	49.3303	0.02878
4	1	49.3321	0.02878
4.0027	1	49.334	0.02878
4.0055	1	49.3358	0.02878
4.0082	1	49.3377	0.02878
4.011	1	49.3395	0.02877
4.0137	1	49.3414	0.02877
4.0164	1	49.3432	0.02877
4.0192	1	49.345	0.02877
4.0219	1	49.3469	0.02877
4.0246	1	49.3487	0.02877
4.0274	1	49.3505	0.02877
4.0301	1	49.3524	0.02877
4.0329	1	49.3542	0.02877
4.0356	1	49.356	0.02877
4.0383	1	49.3579	0.02877
4.0411	1	49.3597	0.02877
4.0438	1	49.3615	0.02876
4.0465	1	49.3633	0.02876
4.0493	1	49.3652	0.02876
4.052	1	49.367	0.02876
4.0548	1	49.3688	0.02876
4.0575	1	49.3706	0.02876
4.0602	1	49.3724	0.02876
4.063	1	49.3742	0.02876
4.0657	1	49.3761	0.02876
4.0684	1	49.3779	0.02876
4.0712	1	49.3797	0.02876
4.0739	1	49.3815	0.02876
4.0767	1	49.3833	0.02875
4.0794	1	49.3851	0.02875
4.0821	1	49.3869	0.02875
4.0849	1	49.3887	0.02875
4.0876	1	49.3905	0.02875
4.0903	1	49.3923	0.02875
4.0931	1	49.3941	0.02875
4.0958	1	49.3959	0.02875
4.0986	1	49.3977	0.02875
4.1013	1	49.3995	0.02875
4.104	1	49.4013	0.02875
4.1068	1	49.4031	0.02875
4.1095	1	49.4048	0.02874
4.1123	1	49.4066	0.02874
4.115	1	49.4084	0.02874
4.1177	1	49.4102	0.02874
4.1205	1	49.412	0.02874
4.1232	1	49.4138	0.02874
4.1259	1	49.4155	0.02874
4.1287	1	49.4173	0.02874
4.1314	1	49.4191	0.02874
4.1342	1	49.4209	0.02874
4.1369	1	49.4227	0.02874
4.1396	1	49.4244	0.02874
4.1424	1	49.4262	0.02873
4.1451	1	49.428	0.02873
4.1478	1	49.4297	0.02873
4.1506	1	49.4315	0.02873
4.1533	1	49.4333	0.02873
4.1561	1	49.435	0.02873
4.1588	1	49.4368	0.02873
4.1615	1	49.4386	0.02873
4.1643	1	49.4403	0.02873
4.167	1	49.4421	0.02873
4.1697	1	49.4438	0.02873
4.1725	1	49.4456	0.02873
4.1752	1	49.4473	0.02873
4.178	1	49.4491	0.02872
4.1807	1	49.4508	0.02872
4.1834	1	49.4526	0.02872
4.1862	1	49.4543	0.02872
4.1889	1	49.4561	0.02872
4.1916	1	49.4578	0.02872
4.1944	1	49.4596	0.02872
4.1971	1	49.4613	0.02872
4.1999	1	49.4631	0.02872
4.2026	1	49.4648	0.02872
4.2053	1	49.4666	0.02872
4.2081	1	49.4683	0.02872
4.2108	1	49.47	0.02871
4.2136	1	49.4718	0.02871
4.2163	1	49.4735	0.02871
4.219	1	49.4752	0.02871
4.2218	1	49.477	0.02871
4.2245	1	49.4787	0.02871
4.2272	1	49.4804	0.02871
4.23	1	49.4821	0.02871
4.2327	1	49.4839	0.02871
4.2355	1	49.4856	0.02871
4.2382	1	49.4873	0.02871
4.2409	1	49.489	0.02871
4.2437	1	49.4908	0.0287
4.2464	1	49.4925	0.0287
4.2491	1	49.4942	0.0287
4.2519	1	49.4959	0.0287
4.2546	1	49.4976	0.0287
4.2574	1	49.4993	0.0287
4.2601	1	49.5011	0.0287
4.2628	1	49.5028	0.0287
4.2656	1	49.5045	0.0287
4.2683	1	49.5062	0.0287
4.271	1	49.5079	0.0287
4.2738	1	49.5096	0.0287
4.2765	1	49.5113	0.0287
4.2793	1	49.513	0.02869
4.282	1	49.5147	0.02869
4.2847	1	49.5164	0.02869
4.2875	1	49.5181	0.02869
4.2902	1	49.5198	0.02869
4.293	1	49.5215	0.02869
4.2957	1	49.5232	0.02869
4.2984	1	49.5249	0.02869
4.3012	1	49.5266	0.02869
4.3039	1	49.5283	0.02869
4.3066	1	49.53	0.02869
4.3094	1	49.5317	0.02869
4.3121	1	49.5334	0.02868
4.3149	1	49.5351	0.02868
4.3176	1	49.5367	0.02868
4.3203	1	49.5384	0.02868
4.3231	1	49.5401	0.02868
4.3258	1	49.5418	0.02868
4.3285	1	49.5435	0.02868
4.3313	1	49.5452	0.02868
4.334	1	49.5468	0.02868
4.3368	1	49.5485	0.02868
4.3395	1	49.5502	0.02868
4.3422	1	49.5519	0.02868
4.345	1	49.5535	0.02868
4.3477	1	49.5552	0.02867
4.3504	1	49.5569	0.02867
4.3532	1	49.5585	0.02867
4.3559	1	49.5602	0.02867
4.3587	1	49.5619	0.02867
4.3614	1	49.5636	0.02867
4.3641	1	49.5652	0.02867
4.3669	1	49.5669	0.02867
4.3696	1	49.5685	0.02867
4.3723	1	49.5702	0.02867
4.3751	1	49.5719	0.02867
4.3778	1	49.5735	0.02867
4.3806	1	49.5752	0.02867
4.3833	1	49.5768	0.02866
4.386	1	49.5785	0.02866
4.3888	1	49.5802	0.02866
4.3915	1	49.5818	0.02866
4.3943	1	49.5835	0.02866
4.397	1	49.5851	0.02866
4.3997	1	49.5868	0.02866
4.4025	1	49.5884	0.02866
4.4052	1	49.5901	0.02866
4.4079	1	49.5917	0.02866
4.4107	1	49.5933	0.02866
4.4134	1	49.595	0.02866
4.4162	1	49.5966	0.02866
4.4189	1	49.5983	0.02865
4.4216	1	49.5999	0.02865
4.4244	1	49.6015	0.02865
4.4271	1	49.6032	0.02865
4.4298	1	49.6048	0.02865
4.4326	1	49.6065	0.02865
4.4353	1	49.6081	0.02865
4.4381	1	49.6097	0.02865
4.4408	1	49.6114	0.02865
4.4435	1	49.613	0.02865
4.4463	1	49.6146	0.02865
4.449	1	49.6162	0.02865
4.4517	1	49.6179	0.02865
4.4545	1	49.6195	0.02864
4.4572	1	49.6211	0.02864
4.46	1	49.6227	0.02864
4.4627	1	49.6244	0.02864
4.4654	1	49.626	0.02864
4.4682	1	49.6276	0.02864
4.4709	1	49.6292	0.02864
4.4736	1	49.6308	0.02864
4.4764	1	49.6325	0.02864
4.4791	1	49.6341	0.02864
4.4819	1	49.6357	0.02864
4.4846	1	49.6373	0.02864
4.4873	1	49.6389	0.02864
4.4901	1	49.6405	0.02863
4.4928	1	49.6421	0.02863
4.4956	1	49.6437	0.02863
4.4983	1	49.6454	0.02863
4.501	1	49.647	0.02863
4.5038	1	49.6486	0.02863
4.5065	1	49.6502	0.02863
4.5092	1	49.6518	0.02863
4.512	1	49.6534	0.02863
4.5147	1	49.655	0.02863
4.5175	1	49.6566	0.02863
4.5202	1	49.6582	0.02863
4.5229	1	49.6598	0.02863
4.5257	1	49.6614	0.02862
4.5284	1	49.663	0.02862
4.5311	1	49.6646	0.02862
4.5339	1	49.6661	0.02862
4.5366	1	49.6677	0.02862
4.5394	1	49.6693	0.02862
4.5421	1	49.6709	0.02862
4.5448	1	49.6725	0.02862
4.5476	1	49.6741	0.02862
4.5503	1	49.6757	0.02862
4.553	1	49.6773	0.02862
4.5558	1	49.6788	0.02862
4.5585	1	49.6804	0.02862
4.5613	1	49.682	0.02861
4.564	1	49.6836	0.02861
4.5667	1	49.6852	0.02861
4.5695	1	49.6867	0.02861
4.5722	1	49.6883	0.02861
4.5749	1	49.6899	0.02861
4.5777	1	49.6915	0.02861
4.5804	1	49.6931	0.02861
4.5832	1	49.6946	0.02861
4.5859	1	49.6962	0.02861
4.5886	1	49.6978	0.02861
4.5914	1	49.6993	0.02861
4.5941	1	49.7009	0.02861
4.5969	1	49.7025	0.0286
4.5996	1	49.704	0.0286
4.6023	1	49.7056	0.0286
4.6051	1	49.7072	0.0286
4.6078	1	49.7087	0.0286
4.6105	1	49.7103	0.0286
4.6133	1	49.7119	0.0286
4.616	1	49.7134	0.0286
4.6188	1	49.715	0.0286
4.6215	1	49.7165	0.0286
4.6242	1	49.7181	0.0286
4.627	1	49.7196	0.0286
4.6297	1	49.7212	0.0286
4.6324	1	49.7228	0.02859
4.6352	1	49.7243	0.02859
4.6379	1	49.7259	0.02859
4.6407	1	49.7274	0.02859
4.6434	1	49.729	0.02859
4.6461	1	49.7305	0.02859
4.6489	1	49.7321	0.02859
4.6516	1	49.7336	0.02859
4.6543	1	49.7352	0.02859
4.6571	1	49.7367	0.02859
4.6598	1	49.7382	0.02859
4.6626	1	49.7398	0.02859
4.6653	1	49.7413	0.02859
4.668	1	49.7429	0.02859
4.6708	1	49.7444	0.02858
4.6735	1	49.7459	0.02858
4.6762	1	49.7475	0.02858
4.679	1	49.749	0.02858
4.6817	1	49.7506	0.02858
4.6845	1	49.7521	0.02858
4.6872	1	49.7536	0.02858
4.6899	1	49.7552	0.02858
4.6927	1	49.7567	0.02858
4.6954	1	49.7582	0.02858
4.6982	1	49.7597	0.02858
4.7009	1	49.7613	0.02858
4.7036	1	49.7628	0.02858
4.7064	1	49.7643	0.02857
4.7091	1	49.7659	0.02857
4.7118	1	49.7674	0.02857
4.7146	1	49.7689	0.02857
4.7173	1	49.7704	0.02857
4.7201	1	49.7719	0.02857
4.7228	1	49.7735	0.02857
4.7255	1	49.775	0.02857
4.7283	1	49.7765	0.02857
4.731	1	49.778	0.02857
4.7337	1	49.7795	0.02857
4.7365	1	49.7811	0.02857
4.7392	1	49.7826	0.02857
4.742	1	49.7841	0.02857
4.7447	1	49.7856	0.02856
4.7474	1	49.7871	0.02856
4.7502	1	49.7886	0.02856
4.7529	1	49.7901	0.02856
4.7556	1	49.7916	0.02856
4.7584	1	49.7932	0.02856
4.7611	1	49.7947	0.02856
4.7639	1	49.7962	0.02856
4.7666	1	49.7977	0.02856
4.7693	1	49.7992	0.02856
4.7721	1	49.8007	0.02856
4.7748	1	49.8022	0.02856
4.7775	1	49.8037	0.02856
4.7803	1	49.8052	0.02855
4.783	1	49.8067	0.02855
4.7858	1	49.8082	0.02855
4.7885	1	49.8097	0.02855
4.7912	1	49.8112	0.02855
4.794	1	49.8127	0.02855
4.7967	1	49.8142	0.02855
4.7995	1	49.8157	0.02855
4.8022	1	49.8172	0.02855
4.8049	1	49.8187	0.02855
4.8077	1	49.8201	0.02855
4.8104	1	49.8216	0.02855
4.8131	1	49.8231	0.02855
4.8159	1	49.8246	0.02855
4.8186	1	49.8261	0.02854
4.8214	1	49.8276	0.02854
4.8241	1	49.8291	0.02854
4.8268	1	49.8306	0.02854
4.8296	1	49.8321	0.02854
4.8323	1	49.8335	0.02854
4.835	1	49.835	0.02854
4.8378	1	49.8365	0.02854
4.8405	1	49.838	0.02854
4.8433	1	49.8395	0.02854
4.846	1	49.8409	0.02854
4.8487	1	49.8424	0.02854
4.8515	1	49.8439	0.02854
4.8542	1	49.8454	0.02854
4.8569	1	49.8469	0.02853
4.8597	1	49.8483	0.02853
4.8624	1	49.8498	0.02853
4.8652	1	49.8513	0.02853
4.8679	1	49.8528	0.02853
4.8706	1	49.8542	0.02853
4.8734	1	49.8557	0.02853
4.8761	1	49.8572	0.02853
4.8789	1	49.8586	0.02853
4.8816	1	49.8601	0.02853
4.8843	1	49.8616	0.02853
4.8871	1	49.863	0.02853
4.8898	1	49.8645	0.02853
4.8925	1	49.866	0.02853
4.8953	1	49.8674	0.02852
4.898	1	49.8689	0.02852
4.9008	1	49.8704	0.02852
4.9035	1	49.8718	0.02852
4.9062	1	49.8733	0.02852
4.909	1	49.8748	0.02852
4.9117	1	49.8762	0.02852
4.9144	1	49.8777	0.02852
4.9172	1	49.8791	0.02852
4.9199	1	49.8806	0.02852
4.9227	1	49.882	0.02852
4.9254	1	49.8835	0.02852
4.9281	1	49.885	0.02852
4.9309	1	49.8864	0.02852
4.9336	1	49.8879	0.02851
4.9363	1	49.8893	0.02851
4.9391	1	49.8908	0.02851
4.9418	1	49.8922	0.02851
4.9446	1	49.8937	0.02851
4.9473	1	49.8951	0.02851
4.95	1	49.8966	0.02851
4.9528	1	49.898	0.02851
4.9555	1	49.8995	0.02851
4.9582	1	49.9009	0.02851
4.961	1	49.9024	0.02851
4.9637	1	49.9038	0.02851
4.9665	1	49.9052	0.02851
4.9692	1	49.9067	0.02851
4.9719	1	49.9081	0.0285
4.9747	1	49.9096	0.0285
4.9774	1	49.911	0.0285
4.9802	1	49.9125	0.0285
4.9829	1	49.9139	0.0285
4.9856	1	49.9153	0.0285
4.9884	1	49.9168	0.0285
4.9911	1	49.9182	0.0285
4.9938	1	49.9196	0.0285
4.9966	1	49.9211	0.0285
4.9993	1	49.9225	0.0285
5.0021	1	49.924	0.0285
5.0048	1	49.9254	0.0285
5.0075	1	49.9268	0.0285
5.0103	1	49.9282	0.02849
5.013	1	49.9297	0.02849
5.0157	1	49.9311	0.02849
5.0185	1	49.9325	0.02849
5.0212	1	49.934	0.02849
5.024	1	49.9354	0.02849
5.0267	1	49.9368	0.02849
5.0294	1	49.9383	0.02849
5.0322	1	49.9397	0.02849
5.0349	1	49.9411	0.02849
5.0376	1	49.9425	0.02849
5.0404	1	49.944	0.02849
5.0431	1	49.9454	0.02849
5.0459	1	49.9468	0.02849
5.0486	1	49.9482	0.02848
5.0513	1	49.9496	0.02848
5.0541	1	49.9511	0.02848
5.0568	1	49.9525	0.02848
5.0595	1	49.9539	0.02848
5.0623	1	49.9553	0.02848
5.065	1	49.9567	0.02848
5.0678	1	49.9582	0.02848
5.0705	1	49.9596	0.02848
5.0732	1	49.961	0.02848
5.076	1	49.9624	0.02848
5.0787	1	49.9638	0.02848
5.0815	1	49.9652	0.02848
